1.9999981
1.9950285
1.9678612
1.9300709
1.897541
1.8622885
1.8158159
1.7538166
1.6788406
1.617033
1.6046944
1.6383228
1.6929951
1.7510872
1.7982407
1.8294258
1.84443
1.85151
1.853095
1.8443241
1.8173037
1.7858429
1.7710648
1.7788391
1.7996731
1.8201618
1.832099
1.8347454
1.8321085
1.828701
1.8267822
1.8264828
1.8267403
1.826519
1.8237524
1.821271
1.8201675
1.8194914
1.8182249
1.8189173
1.8224211
1.8263397
1.8288498
1.8297577
1.8296776
1.829215
1.8285933
1.8278046
1.8268833
1.8258896
1.824935
1.824111
1.8234453
1.8228903
1.8224678
1.8222761
1.8224611
1.8231249
1.824132
1.8252754
1.8263826
1.8273335
1.8278761
1.8281574
1.8284044
1.8285713
1.8284645
1.8280058
1.8272829
1.8264666
1.8257504
1.8252802
1.8251076
1.825201
1.8254652
1.8257914
1.826086
1.8262997
1.8264132
1.8264265
1.8263521
1.8262062
1.826025
1.8258457
1.825716
1.8256817
1.8257523
1.8259153
1.8261423
1.8263912
1.826621
1.8267956
1.8269043
1.8269291
1.8268795
1.8267632
1.8265877
1.8263836
1.8261709
1.8259745
1.8258219
1.8257246
1.8256903
1.8257122
1.8257875
1.8258953
1.8260279
1.826169
1.8263006
1.826417
1.8265038
1.8265543
1.8265715
1.8265581
1.8265228
1.8264723
1.826417
1.8263588
1.8263092
1.8262701
1.8262405
1.8262253
1.8262167
1.8262138
1.8262129
1.826211
1.8262005
1.8261843
1.8261662
1.8261452
1.8261318
1.8261204
1.8261261
1.8261442
1.8261738
1.8262138
1.8262625
1.8263168
1.8263655
1.8264055
1.8264389
1.8264542
1.8264532
1.826437
1.8264074
1.8263702
1.8263254
1.8262825
1.8262405
1.826211
1.8261843
1.8261747
1.8261728
1.8261805
1.826191
1.8262053
1.8262215
1.8262405
1.8262577
1.8262701
1.8262796
1.8262825
1.8262873
1.8262901
1.826294
1.8262987
1.8263006
1.8263044
1.8263092
1.8263111
1.8263121
1.826313
1.8263121
1.8263073
1.8262987
1.8262892
1.8262768
1.8262653
1.8262548
1.8262491
1.8262444
1.8262463
1.8262491
1.8262558
1.8262606
1.8262682
1.8262739
1.8262815
1.8262863
1.8262901
1.826293
1.8262892
1.8262882
1.8262844
1.8262787
1.8262768
1.8262739
1.826272
1.826271
1.826272
1.826272
1.8262701
1.826272
1.826273
1.8262749
1.8262758
1.8262796
1.8262796
1.8262806
1.8262815
1.8262806
1.8262768
1.8262796
1.8262796
1.8262787
1.8262749
1.8262768
1.8262768
1.8262787
1.8262768
1.8262758
1.8262739
1.8262758
1.826273
1.826273
1.826272
1.826271
1.8262691
1.8262701
1.826271
1.826272
1.8262739
1.8262749
1.8262777
1.8262796
1.8262815
1.8262825
1.8262806
1.8262825
1.8262835
1.8262806
1.8262806
1.8262796
1.8262796
1.8262787
1.8262758
1.8262749
1.826273
1.8262758
1.826272
1.826272
1.826273
1.826273
1.8262701
1.826272
1.826273
1.826272
1.8262758
1.8262739
1.826273
1.826273
1.8262739
1.8262739
1.8262758
1.8262787
1.8262777
1.8262777
1.8262806
1.8262777
1.8262796
1.8262815
1.8262806
1.8262796
1.8262777
1.8262777
1.8262787
1.8262777
1.8262758
1.8262749
1.826273
1.8262749
1.8262739
1.8262739
1.8262749
1.826273
1.8262739
1.8262749
1.826273
1.826273
1.8262739
1.826273
1.826273
1.8262739
1.826273
1.8262749
1.8262739
1.8262758
1.8262758
1.8262777
1.8262777
1.8262796
1.8262787
1.8262777
1.8262777
1.8262787
1.8262768
1.8262777
1.8262768
1.8262777
1.8262768
1.8262758
1.8262749
1.8262739
1.826273
1.826272
1.826273
1.826272
1.8262701
1.8262739
1.8262739
1.8262749
1.8262739
1.826273
1.8262739
1.8262749
1.8262768
1.8262758
1.8262768
1.8262777
1.8262768
1.8262758
1.8262758
1.8262777
1.8262768
1.8262777
1.8262768
1.8262768
1.8262749
1.8262749
1.8262739
1.8262739
1.8262749
1.8262758
1.8262749
1.8262758
1.8262749
1.8262749
1.8262739
1.8262758
1.8262749
1.8262749
1.8262739
1.8262758
1.8262758
1.8262758
1.8262758
1.8262749
1.8262749
1.8262749
1.8262758
1.8262768
1.8262758
1.8262749
1.8262749
1.8262758
1.8262749
1.8262768
1.8262749
1.8262758
1.8262758
1.8262768
1.8262758
1.8262739
1.8262749
1.8262777
1.8262758
1.8262758
1.8262758
1.8262749
1.8262777
1.8262758
1.8262768
1.8262768
1.8262768
1.8262749
1.8262739
1.8262758
1.8262758
1.8262758
1.8262739
1.8262758
1.8262749
1.8262758
1.8262749
1.8262758
1.8262758
1.8262749
1.8262758
1.8262749
1.8262758
1.8262768
1.8262768
1.8262749
1.8262749
1.8262749
1.8262758
1.8262758
1.8262768
1.8262749
1.8262758
1.8262749
1.826273
1.8262749
1.8262749
1.8262758
1.8262758
1.8262749
1.8262749
1.8262758
1.8262749
1.8262758
1.8262749
1.8262768
1.8262768
1.8262777
1.8262758
1.8262749
1.8262758
1.8262749
1.8262768
1.8262758
1.8262758
1.8262739
1.8262758
1.8262768
1.8262768
1.8262749
1.8262749
1.8262749
1.8262739
1.8262749
1.8262749
1.8262768
1.8262768
1.8262768
1.8262758
1.8262768
1.8262749
1.8262758
1.8262768
1.8262768
1.8262758
1.8262758
1.8262758
1.8262758
1.8262749
1.8262758
1.8262758
1.8262749
1.8262758
1.8262758
1.8262758
1.8262758
1.826273
1.8262749
1.8262749
1.8262749
1.8262758
1.8262749
1.8262749
1.8262758
1.8262777
1.8262768
1.8262768
1.8262768
1.8262768
1.8262758
1.8262758
1.8262758
1.8262749
1.8262758
1.8262749
1.8262768
1.8262758
1.8262758
1.8262758
1.8262749
1.8262758
1.8262758
1.8262749
1.8262758
1.8262758
1.8262768
1.8262758
1.8262768
1.8262768
1.8262758
1.8262758
1.8262749
1.8262758
1.8262749
1.8262768
1.8262758
1.8262758
1.8262749
1.8262749
1.8262758
1.8262749
1.8262739
1.8262749
1.8262749
1.8262758
1.8262758
1.8262749
1.8262749
1.8262758
1.8262758
1.8262768
1.8262749
1.8262749
1.8262749
1.8262768
1.8262749
1.8262749
1.8262749
1.8262749
1.8262749
1.8262768
1.8262749
1.8262749
1.8262758
1.8262749
1.8262749
1.8262758
1.8262749
1.8262758
1.8262749
1.8262749
1.8262749
1.8262739
1.8262758
1.8262758
1.8262749
1.8262768
1.8262768
1.8262749
1.8262739
1.8262749
1.8262749
1.8262758
1.8262758
1.8262768
1.8262768
1.8262758
1.8262758
1.8262768
1.8262768
1.8262758
1.8262749
1.8262758
1.8262749
1.8262749
1.8262749
1.8262758
1.8262758
1.8262758
1.8262749
1.8262768
1.8262768
1.8262768
1.8262749
1.8262739
1.8262749
1.8262739
1.8262758
1.8262768
1.8262768
1.8262768
1.8262758
1.8262768
1.8262758
1.8262758
1.8262749
1.8262749
1.8262758
1.8262749
1.8262739
1.8262749
1.8262768
1.8262768
1.8262768
1.8262768
1.8262768
1.8262768
1.8262758
1.8262777
1.8262768
1.8262768
1.8262749
1.8262749
1.8262749
1.8262758
1.8262758
1.8262758
1.8262758
1.8262749
1.8262758
1.8262758
1.8262758
1.8262758
1.8262758
1.8262758
1.8262749
1.8262768
1.8262749
1.8262739
1.8262758
1.8262749
1.8262758
1.8262758
1.8262758
1.8262768
1.8262739
1.8262749
1.8262739
1.8262739
1.8262739
1.8262758
1.8262749
1.8262749
1.8262749
1.8262739
1.8262768
1.8262768
1.8262749
1.8262739
1.8262749
1.8262739
1.8262739
1.8262749
1.8262749
1.8262758
1.8262749
1.8262768
1.8262739
1.8262758
1.8262749
1.8262749
1.8262768
1.8262768
1.8262758
1.8262749
1.8262758
1.8262768
1.8262768
1.8262768
1.8262749
1.8262758
1.8262749
1.8262749
1.8262758
1.8262749
1.8262749
1.8262749
1.8262749
1.8262749
1.8262768
1.8262758
1.8262758
1.8262768
1.8262758
1.8262758
1.8262749
1.8262758
1.8262758
1.8262777
1.8262768
1.8262749
1.8262749
1.8262749
1.8262749
1.8262758
1.8262768
1.8262758
1.8262749
1.8262758
1.8262749
1.8262749
1.8262749
1.8262768
1.8262768
1.8262739
1.8262758
1.8262758
1.8262758
1.8262758
1.8262739
1.8262768
1.8262758
1.8262749
1.8262768
1.8262739
1.8262758
1.8262768
1.8262758
1.8262758
1.8262758
1.8262749
1.8262768
1.8262758
1.8262749
1.8262758
1.8262739
1.8262758
1.8262758
1.8262758
1.8262758
1.8262739
1.8262758
1.8262749
1.8262758
1.8262758
1.8262768
1.8262758
1.8262739
1.8262749
1.8262749
1.8262768
1.8262758
1.8262749
1.8262749
1.8262768
1.8262749
1.8262758
1.8262758
1.8262749
1.8262768
1.8262758
1.8262758
1.8262768
1.8262758
1.8262758
1.8262758
1.8262758
1.8262758
1.8262749
1.8262768
1.8262749
1.8262768
1.8262768
1.8262749
1.8262749
1.8262758
1.8262739
1.8262749
1.8262768
1.8262749
1.8262749
1.8262749
1.8262768
1.8262739
1.8262749
1.8262749
1.8262758
1.8262758
1.8262758
1.8262758
1.8262758
1.8262758
1.8262768
1.8262758
1.8262749
1.8262749
1.8262749
1.8262758
1.8262758
1.8262758
1.8262749
1.8262768
1.8262758
1.8262758
1.8262768
1.8262768
1.8262758
1.8262749
1.8262758
1.8262758
1.8262758
1.8262758
1.8262758
1.8262768
1.8262768
1.8262749
1.8262749
1.8262749
1.8262758
1.8262758
1.8262768
1.8262749
1.8262768
1.8262768
1.8262768
1.8262768
1.8262768
1.8262758
1.8262768
1.8262749
1.8262758
1.8262758
1.8262749
1.8262758
1.8262758
1.8262758
1.8262758
1.8262758
1.8262768
1.8262758
1.8262758
1.8262739
1.8262758
1.8262758
1.8262777
1.8262758
1.8262768
1.8262758
1.8262749
1.8262749
1.8262758
1.8262749
1.8262768
1.8262758
1.8262749
1.8262777
1.8262758
1.8262768
1.8262749
1.8262758
1.8262749
1.8262749
1.8262758
1.8262749
1.8262749
1.8262749
1.8262739
1.8262739
1.8262758
1.8262758
1.8262739
1.8262758
1.8262739
1.8262758
1.826273
1.8262749
1.8262768
1.8262758
1.8262758
1.8262768
1.8262749
1.8262749
1.8262749
1.8262749
1.8262749
1.8262739
1.8262749
1.8262758
1.8262758
1.8262749
1.8262758
1.8262777
1.8262749
1.8262768
1.8262758
1.8262758
1.8262768
1.8262768
1.8262758
1.8262768
1.8262749
1.8262749
1.8262749
1.8262758
1.8262749
1.8262749
1.8262758
1.8262749
1.8262758
1.8262749
1.8262758
1.8262768
1.8262758
1.8262758
1.8262768
1.8262768
1.8262768
1.8262768
1.8262768
1.8262758
1.8262768
1.8262777
1.8262749
1.8262749
1.8262749
1.8262758
1.8262758
1.8262768
1.8262749
1.8262749
1.8262749
1.8262758
1.8262739
1.8262739
1.8262768
1.8262749
1.8262758
1.8262758
1.8262768
1.8262758
1.8262758
1.8262758
1.8262768
1.8262758
1.8262739
1.8262739
1.8262758
1.8262768
1.8262777
1.826273
1.8262749
1.8262768
1.8262758
1.8262758
1.8262758
1.8262787
1.8262758
1.8262758
1.8262739
1.8262739
1.8262749
1.8262749
1.8262758
1.8262768
1.8262758
1.8262758
1.8262768
1.8262749
1.8262758
1.8262749
1.8262758
1.8262749
1.8262739
1.8262758
1.8262758
1.8262758
1.8262749
1.8262749
1.8262749
1.8262739
1.8262768
1.8262758
1.8262758
1.8262749
1.8262758
1.8262749
1.8262768
1.8262749
1.8262749
1.8262749
1.8262768
1.8262739
1.8262749
1.8262768
1.8262758
1.8262749
1.8262758
1.8262749
1.8262758
1.8262749
1.8262758
1.8262739
1.8262739
1.8262758
1.8262758
1.8262749
1.8262749
1.8262758
1.8262768
1.8262749
1.8262758
1.8262749
1.8262749
1.8262749
1.8262768
1.8262749
1.8262739
1.8262749
1.8262758
1.8262749
1.8262768
1.8262758
1.8262758
1.8262739
1.8262758
1.8262739
1.8262758
1.8262749
1.8262749
1.8262739
1.8262758
1.8262758
1.8262758
1.8262758
1.8262777
1.8262758
1.8262758
1.8262749
1.8262739
1.8262749
1.8262739
1.8262739
1.8262749
1.8262758
1.8262758
1.8262758
1.8262768
1.8262749
1.8262758
1.8262768
1.8262749
1.8262749
1.8262749
1.8262758
1.8262758
1.8262749
1.8262758
1.8262758
1.8262758
1.8262758
1.8262758
1.8262749
1.8262749
1.8262758
1.8262749
1.8262749
1.8262768
1.8262749
1.8262758
1.8262758
1.8262768
1.8262768
1.8262758
1.8262739
1.8262749
1.8262758
1.8262758
1.8262758
1.8262749
1.8262749
1.8262739
1.8262749
1.8262739
1.8262749
1.8262758
1.8262768
1.8262749
1.8262739
1.8262758
1.8262749
1.8262739
1.8262758
1.8262758
1.8262758
1.8262777
1.8262768
1.8262758
1.8262758
1.8262777
1.8262768
1.8262749
1.8262749
1.8262749
1.8262739
1.8262739
1.8262739
1.8262758
1.8262739
1.8262749
1.8262758
1.8262749
1.8262758
1.826273
1.8262749
1.8262758
1.8262749
1.8262749
1.8262768
1.8262749
1.8262749
1.8262739
1.8262758
1.8262749
1.8262758
1.8262758
1.8262768
1.8262749
1.8262739
1.8262739
1.8262739
1.8262758
1.8262749
1.8262758
1.8262768
1.8262768
1.8262749
1.8262749
1.8262749
1.8262758
1.8262758
1.8262749
1.8262758
1.8262758
1.8262749
1.8262758
1.8262758
1.8262749
1.8262749
1.8262768
1.8262758
1.8262749
1.8262768
1.8262749
1.8262758
1.8262758
1.8262749
1.8262749
1.8262749
1.8262749
1.8262749
1.8262768
1.8262768
1.8262749
1.8262768
1.8262749
1.8262768
1.8262749
1.8262768
1.8262749
1.8262739
1.8262768
1.8262758
1.8262739
1.8262758
1.8262758
1.8262749
1.8262749
1.8262758
1.8262749
1.8262749
1.8262749
1.8262749
1.8262758
1.8262749
1.8262758
1.8262749
1.8262758
1.8262749
1.8262758
1.8262758
1.8262739
1.8262758
1.8262758
1.8262777
1.8262749
1.8262758
1.8262758
1.8262768
1.8262749
1.8262749
1.8262758
1.8262758
1.8262749
1.8262758
1.8262739
1.8262768
1.8262768
1.8262758
1.8262768
1.8262758
1.8262749
1.8262749
1.8262758
1.8262768
1.8262749
1.8262758
1.8262768
1.8262768
1.8262768
1.8262768
1.8262749
1.8262749
1.8262749
1.826273
1.8262739
1.8262758
1.8262749
1.8262758
1.8262758
1.8262749
1.8262739
1.8262749
1.8262749
1.8262739
1.8262749
1.8262768
1.8262768
1.8262768
1.8262758
1.8262749
1.8262749
1.8262749
1.8262768
1.8262749
1.8262758
1.8262768
1.8262758
1.8262777
1.8262758
1.8262758
1.8262749
1.8262758
1.8262749
1.8262758
1.8262758
1.8262758
1.8262768
1.8262768
1.8262768
1.8262758
1.8262758
1.8262749
1.8262749
1.8262758
1.8262749
1.8262758
1.8262758
1.8262749
1.8262768
1.8262758
1.8262758
1.8262758
1.8262768
1.8262768
1.8262749
1.8262758
1.8262768
1.8262768
1.8262749
1.8262758
1.8262768
1.8262758
1.8262758
1.8262758
1.8262758
1.8262758
1.8262749
1.8262739
1.8262739
1.8262758
1.8262758
1.8262758
1.8262758
1.8262758
1.8262749
1.8262758
1.8262758
1.8262749
1.8262739
1.8262758
1.8262768
1.8262768
1.8262739
1.8262758
1.8262749
1.8262758
1.8262758
1.8262758
1.8262768
1.8262749
1.8262758
1.8262768
1.8262758
1.8262749
1.8262777
1.8262749
1.8262749
1.8262749
1.8262749
1.8262749
1.8262739
1.8262758
1.8262749
1.8262758
1.8262758
1.8262768
1.8262768
1.8262758
1.8262758
1.8262758
1.8262739
1.8262768
1.8262749
1.8262768
1.8262768
1.8262758
1.8262758
1.8262749
1.8262768
1.8262749
1.8262758
1.8262758
1.8262768
1.8262749
1.8262749
1.8262749
1.8262758
1.8262777
1.8262749
1.8262749
1.8262768
1.8262758
1.8262758
1.8262758
1.8262749
1.8262768
1.8262758
1.8262758
1.8262758
1.8262758
1.8262739
1.826273
1.8262749
1.8262758
1.8262758
1.8262749
1.8262739
1.8262749
1.8262758
1.8262758
1.8262749
1.8262758
1.8262758
1.8262758
1.8262758
1.8262749
1.8262768
1.8262758
1.8262749
1.8262758
1.8262768
1.8262758
1.8262739
1.8262749
1.8262758
1.8262749
1.8262768
1.8262749
1.8262758
1.8262758
1.8262758
1.8262758
1.8262768
1.8262749
1.8262758
1.8262758
1.8262749
1.8262749
1.8262749
1.8262758
1.8262758
1.8262758
1.8262758
1.8262749
1.8262768
1.8262758
1.8262758
1.8262749
1.8262749
1.8262749
1.8262739
1.8262739
1.8262749
1.8262768
1.8262739
1.8262758
1.8262758
1.8262749
1.8262749
1.8262768
1.8262749
1.8262739
1.8262749
1.8262739
1.8262749
1.8262739
1.8262749
1.8262758
1.8262758
1.8262768
1.8262739
1.8262758
1.8262758
1.8262758
1.8262758
1.8262758
1.8262758
1.8262768
1.8262739
1.8262749
1.8262749
1.8262758
1.8262758
1.8262739
1.8262749
1.8262749
1.8262739
1.8262749
1.8262758
1.8262768
1.8262758
1.8262758
1.8262768
1.8262749
1.8262749
1.8262739
1.8262749
1.8262749
1.8262768
1.8262758
1.8262758
1.8262758
1.8262758
1.8262749
1.8262768
1.8262749
1.8262768
1.8262739
1.8262749
1.8262749
1.8262758
1.8262758
1.8262758
1.8262749
1.8262758
1.8262758
1.8262749
1.8262758
1.8262758
1.8262777
1.8262768
1.8262758
1.8262758
1.8262768
1.8262758
1.8262749
1.8262739
1.8262749
1.8262749
1.8262777
1.8262758
1.8262749
1.8262749
1.8262758
1.8262758
1.8262758
1.8262739
1.8262758
1.8262758
1.8262749
1.8262749
1.8262777
1.8262758
1.8262749
1.8262768
1.8262739
1.8262758
1.8262739
1.8262739
1.8262739
1.8262739
1.8262758
1.8262768
1.8262768
1.8262758
1.8262749
1.8262768
1.8262749
1.8262749
1.8262749
1.8262739
1.8262758
1.8262758
1.8262758
1.8262739
1.8262749
1.8262749
1.8262739
1.8262739
1.8262739
1.8262758
1.8262768
1.8262768
1.8262768
1.8262749
1.8262739
1.8262739
1.8262739
1.8262758
1.8262758
1.8262768
1.8262768
1.8262777
1.8262749
1.8262758
1.8262749
1.826273
1.8262749
1.8262758
1.8262768
1.8262777
1.8262758
1.8262758
1.8262758
1.8262768
1.8262749
1.8262758
1.8262758
1.8262758
1.8262758
1.8262749
1.8262758
1.8262758
1.8262758
1.8262749
1.8262758
1.8262749
1.826273
1.8262739
1.8262749
1.8262749
1.8262777
1.8262749
1.8262739
1.8262749
1.8262749
1.8262739
1.8262749
1.8262749
1.8262749
1.8262739
1.8262749
1.8262758
1.8262739
1.8262768
1.8262749
1.8262758
1.8262758
1.8262768
1.8262768
1.8262749
1.8262758
1.8262749
1.8262739
1.8262758
1.8262758
1.8262758
1.8262749
1.8262758
1.8262749
1.8262758
1.8262749
1.8262758
1.8262749
1.8262768
1.8262768
1.8262749
1.8262768
1.8262768
1.8262768
1.8262749
1.8262749
1.8262758
1.8262768
1.8262758
1.8262758
1.8262739
1.8262758
1.8262758
1.826273
1.8262749
1.8262758
1.8262758
1.8262749
1.8262768
1.8262758
1.8262768
1.8262749
1.8262749
1.8262749
1.8262749
1.8262758
1.8262749
1.8262758
1.8262758
1.8262758
1.8262749
1.8262739
1.8262749
1.8262758
1.8262758
1.8262768
1.8262768
1.8262768
1.8262749
1.8262758
1.8262749
1.8262749
1.8262749
1.8262749
1.8262777
1.8262758
1.8262768
1.8262777
1.8262749
1.8262758
1.8262739
1.8262758
1.8262758
1.8262739
1.8262749
1.8262739
1.8262758
1.8262749
1.8262758
1.8262758
1.8262758
1.8262758
1.8262758
1.8262758
1.8262758
1.8262749
1.8262758
1.8262758
1.8262749
1.8262749
1.8262749
1.8262758
1.8262758
1.8262768
1.8262749
1.8262758
1.8262758
1.8262777
1.8262768
1.8262758
1.8262749
1.8262768
1.8262749
1.8262758
1.8262768
1.8262758
1.8262758
1.8262768
1.8262749
1.8262758
1.8262758
1.8262758
1.8262758
1.8262749
1.8262749
1.8262749
1.8262768
1.8262758
1.8262777
1.8262758
1.8262758
1.8262739
1.8262768
1.8262749
1.8262768
1.8262758
1.8262768
1.8262749
1.8262749
1.8262758
1.8262749
1.8262749
1.8262768
1.8262758
1.8262758
1.8262768
1.8262768
1.8262758
1.8262758
1.8262768
1.8262768
1.8262749
1.8262758
1.8262749
1.8262749
1.8262749
1.8262739
1.8262758
1.8262758
1.8262768
1.8262768
1.8262739
1.8262768
1.8262758
1.8262758
1.8262758
1.8262758
1.8262749
1.8262749
1.8262777
1.8262768
1.8262768
1.8262758
1.8262749
1.8262739
1.8262758
1.8262758
1.8262749
1.8262749
1.8262758
1.8262749
1.8262739
1.8262749
1.8262739
1.8262749
1.8262758
1.8262749
1.8262768
1.8262749
1.8262777
1.8262768
1.8262749
1.8262739
1.8262758
1.8262758
1.8262749
1.8262768
1.8262749
1.8262768
1.8262758
1.8262749
1.8262758
1.8262758
1.8262768
1.8262777
1.8262758
1.8262768
1.8262768
1.8262749
1.8262758
1.8262758
1.8262739
1.8262758
1.8262768
1.8262768
1.8262777
1.8262739
1.8262749
1.8262758
1.8262768
1.8262768
1.8262749
1.8262749
1.826273
1.8262749
1.8262758
1.8262758
1.8262749
1.8262749
1.8262749
1.8262749
1.8262749
1.8262749
1.8262739
1.8262739
1.8262758
1.8262749
1.8262768
1.8262768
1.8262768
1.8262768
1.8262749
1.8262758
1.8262749
1.8262749
1.8262749
1.8262749
1.8262758
1.8262768
1.8262768
1.8262758
1.8262758
1.8262749
1.8262739
1.8262739
1.8262749
1.8262758
1.8262758
1.8262749
1.8262768
1.8262749
1.8262758
1.8262768
1.8262758
1.8262758
1.8262768
1.8262749
1.8262768
1.8262758
1.8262777
1.8262768
1.8262758
1.8262758
1.8262758
1.8262758
1.8262749
1.8262768
1.8262749
1.8262749
1.8262739
1.8262749
1.8262758
1.8262758
1.8262758
1.8262768
1.8262768
1.8262768
1.8262768
1.8262768
1.8262768
1.8262758
1.8262758
1.8262758
1.8262777
1.8262777
1.8262749
1.8262768
1.8262749
1.8262758
1.8262739
1.8262758
1.8262749
1.8262758
1.8262758
1.8262758
1.8262768
1.8262758
1.8262739
1.8262749
1.8262739
1.8262758
1.8262768
1.8262758
1.8262777
1.8262777
1.8262758
1.8262758
1.8262758
1.8262749
1.8262758
1.8262749
1.8262758
1.8262777
1.8262768
1.8262758
1.8262749
1.8262749
1.8262758
1.8262768
1.8262749
1.8262749
1.8262749
1.8262749
1.8262758
1.8262758
1.8262768
1.8262758
1.8262749
1.8262768
1.8262768
1.8262749
1.8262758
1.8262739
1.8262749
1.8262749
1.8262758
1.8262758
1.8262758
1.8262768
1.8262758
1.8262749
1.8262749
1.8262739
1.8262749
1.8262739
1.8262758
1.8262758
1.8262749
1.8262758
1.8262758
1.8262758
1.8262758
1.8262758
1.8262749
1.8262749
1.8262739
1.826273
1.8262739
1.8262749
1.8262777
1.8262758
1.8262768
1.8262758
1.8262758
1.8262758
1.8262739
1.826273
1.8262749
1.8262768
1.8262758
1.8262749
1.8262758
1.8262749
1.8262749
1.8262758
1.8262768
1.8262758
1.8262758
1.8262768
1.8262758
1.8262749
1.8262749
1.8262758
1.8262749
1.8262749
1.8262739
1.8262739
1.8262768
1.8262739
1.8262758
1.8262768
1.8262768
1.8262768
1.8262758
1.8262768
1.8262758
1.8262758
1.8262749
1.8262768
1.8262749
1.8262768
1.8262768
1.8262758
1.8262749
1.8262758
1.8262749
1.8262739
1.8262758
1.8262758
1.8262758
1.8262758
1.8262768
1.8262777
1.8262768
1.8262768
1.8262749
1.8262749
1.8262749
1.8262758
1.8262758
1.8262768
1.8262758
1.8262768
1.8262758
1.8262749
1.8262739
1.8262749
1.8262768
1.8262777
1.8262758
1.8262749
1.826273
1.8262739
1.8262749
1.8262758
1.8262768
1.8262758
1.8262758
1.8262777
1.8262758
1.8262758
1.8262749
1.8262758
1.8262739
1.8262749
1.8262758
1.8262758
1.8262749
1.8262758
1.826272
1.8262749
1.8262739
1.8262739
1.8262749
1.8262758
1.8262749
1.8262758
1.8262749
1.8262758
1.8262749
1.8262758
1.8262749
1.8262749
1.826273
1.8262739
1.8262768
1.8262758
1.8262768
1.8262758
1.8262749
1.8262749
1.8262768
1.8262749
1.8262768
1.8262758
1.8262768
1.8262768
1.8262749
1.8262749
1.8262749
1.8262749
1.8262758
1.8262749
1.8262739
1.8262749
1.8262749
1.8262758
1.8262749
1.8262768
1.8262758
1.8262758
1.8262749
1.8262749
1.8262749
1.8262739
1.8262739
1.8262739
1.8262758
1.8262749
1.8262749
1.8262749
1.8262749
1.8262749
1.8262758
1.8262758
1.8262749
1.8262758
1.8262749
1.8262739
1.8262758
1.8262758
1.8262749
1.8262749
1.8262749
1.8262739
1.8262749
1.8262758
1.8262758
1.8262749
1.8262739
1.8262749
1.8262768
1.8262749
1.8262758
1.8262768
1.8262758
1.8262758
1.8262749
1.8262739
1.8262768
1.8262758
1.8262768
1.8262749
1.8262758
1.8262749
1.8262758
1.8262758
1.8262749
1.8262758
1.8262758
1.8262758
1.8262758
1.8262758
1.8262768
1.8262777
1.8262758
1.8262739
1.8262758
1.8262749
1.8262758
1.8262749
1.8262749
1.8262749
1.8262768
1.8262758
1.8262758
1.8262768
1.8262768
1.8262768
1.8262758
1.8262749
1.8262749
1.8262739
1.8262749
1.8262749
1.8262758
1.8262758
1.8262758
1.8262749
1.8262749
1.8262749
1.8262739
1.8262749
1.8262749
1.8262758
1.8262749
1.8262749
1.8262749
1.8262758
1.8262768
1.8262768
1.8262758
1.8262768
1.826273
1.8262749
1.8262749
1.8262739
1.8262749
1.8262749
1.8262758
1.8262758
1.8262768
1.8262749
1.8262749
1.8262758
1.8262758
1.8262749
1.8262758
1.8262739
1.8262768
1.8262758
1.8262749
1.8262758
1.8262758
1.8262758
1.8262749
1.8262758
1.8262758
1.8262749
1.8262768
1.8262768
1.826273
1.8262749
1.8262749
1.8262739
1.8262749
1.8262749
1.8262749
1.8262777
1.8262758
1.8262768
1.8262768
1.8262758
1.8262749
1.8262758
1.8262768
1.8262768
1.8262749
1.8262749
1.8262749
1.8262758
1.8262739
1.8262739
1.8262749
1.8262749
1.8262749
1.8262758
1.8262758
1.8262749
1.8262758
1.8262758
1.8262758
1.8262758
1.8262758
1.8262758
1.8262758
1.8262758
1.8262749
1.8262758
1.8262749
1.8262768
1.8262758
1.8262749
1.8262739
1.8262739
1.8262749
1.8262739
1.8262758
1.8262758
1.8262749
1.8262749
1.8262739
1.8262749
1.8262749
1.8262739
1.8262768
1.8262739
1.8262749
1.8262758
1.8262758
1.8262768
1.8262758
1.8262768
1.8262758
1.8262758
1.8262749
1.8262758
1.8262768
1.8262758
1.8262758
1.8262749
1.8262749
1.8262758
1.8262739
1.8262758
1.8262758
1.8262749
1.8262758
1.826273
1.8262739
1.8262739
1.8262749
1.8262768
1.8262749
1.8262749
1.8262758
1.8262758
1.8262777
1.8262749
1.8262758
1.8262749
1.8262749
1.8262758
1.8262768
1.8262758
1.8262758
1.8262739
1.8262758
1.8262749
1.8262749
1.8262749
1.8262758
1.8262758
1.8262758
1.8262749
1.8262758
1.8262758
1.8262739
1.8262758
1.8262758
1.8262739
1.8262768
1.8262758
1.8262768
1.8262758
1.8262758
1.8262758
1.8262739
1.8262749
1.8262768
1.8262739
1.8262758
1.8262749
1.8262758
1.8262758
1.8262749
1.8262758
1.826273
1.8262749
1.826273
1.8262739
1.8262749
1.8262749
1.8262749
1.8262768
1.8262749
1.8262758
1.8262739
1.8262749
1.8262749
1.8262758
1.8262749
1.8262758
1.8262777
1.8262768
1.8262777
1.8262758
1.8262758
1.8262749
1.8262749
1.8262739
1.8262749
1.8262749
1.8262758
1.8262758
1.8262768
1.8262758
1.8262758
1.8262758
1.8262749
1.8262768
1.8262758
1.8262758
1.8262758
1.8262758
1.8262749
1.8262749
1.8262749
1.8262758
1.8262739
1.8262739
1.8262749
1.8262768
1.8262749
1.8262758
1.8262758
1.8262749
1.8262749
1.8262749
1.8262758
1.8262758
1.8262758
1.8262768
1.8262758
1.8262739
1.8262758
1.8262758
1.8262749
1.8262749
1.8262758
1.8262758
1.8262768
1.8262768
1.8262777
1.8262768
1.8262777
1.8262758
1.8262758
1.8262749
1.8262758
1.8262749
1.8262749
1.8262758
1.8262768
1.8262749
1.8262758
1.8262758
1.8262749
1.8262749
1.8262758
1.8262758
1.8262749
1.8262739
1.8262749
1.8262777
1.8262768
1.8262777
1.8262749
1.8262749
1.8262749
1.8262758
1.8262739
1.8262749
1.8262758
1.8262777
1.8262758
1.8262768
1.8262749
1.8262758
1.8262739
1.8262739
1.8262758
1.8262758
1.8262768
1.8262758
1.8262758
1.8262768
1.8262758
1.8262749
1.8262749
1.8262768
1.8262749
1.8262749
1.8262739
1.826273
1.8262749
1.8262768
1.8262768
1.8262758
1.8262758
1.8262749
1.8262758
1.8262758
1.8262768
1.8262768
1.8262777
1.8262777
1.8262758
1.8262768
1.8262758
1.8262758
1.8262758
1.8262758
1.8262749
1.8262768
1.8262758
1.8262758
1.8262749
1.8262768
1.8262758
1.8262749
1.8262758
1.8262758
1.8262739
1.8262749
1.8262749
1.8262758
1.8262758
1.8262749
1.8262777
1.8262768
1.8262777
1.8262768
1.8262768
1.8262749
1.8262749
1.8262749
1.8262739
1.8262758
1.8262768
1.8262749
1.8262758
1.8262758
1.8262739
1.8262768
1.8262758
1.8262758
1.8262749
1.8262749
1.8262749
1.8262777
1.8262768
1.8262749
1.8262758
1.8262749
1.8262758
1.8262758
1.8262758
1.8262768
1.8262768
1.8262749
1.8262749
1.8262758
1.8262749
1.8262739
1.8262758
1.8262749
1.8262758
1.8262749
1.8262768
1.8262758
1.8262768
1.8262758
1.8262758
1.8262749
1.8262749
1.8262768
1.8262749
1.8262739
1.8262758
1.8262758
1.8262758
1.8262758
1.8262768
1.8262758
1.8262749
1.8262768
1.8262758
1.8262758
1.8262758
1.8262749
1.8262758
1.8262749
1.8262749
1.8262758
1.8262739
1.8262758
1.8262758
1.8262749
1.8262768
1.8262758
1.8262758
1.8262749
1.8262768
1.8262758
1.8262749
1.8262749
1.8262749
1.8262758
1.8262758
1.8262758
1.8262768
1.8262758
1.8262758
1.8262758
1.8262758
1.8262749
1.8262749
1.8262749
1.8262749
1.8262749
1.8262758
1.8262768
1.8262758
1.8262758
1.8262758
1.8262749
1.8262749
1.8262749
1.8262768
1.8262768
1.8262758
1.8262768
1.8262768
1.8262768
1.8262777
1.8262749
1.8262749
1.8262739
1.8262739
1.8262749
1.8262749
1.8262758
1.8262749
1.8262777
1.8262758
1.8262758
1.8262749
1.8262749
1.8262758
1.8262749
1.8262768
1.8262758
1.8262777
1.8262758
1.8262758
1.8262768
1.8262749
1.8262777
1.8262768
1.8262768
1.8262739
1.8262758
1.8262749
1.8262749
1.8262749
1.8262749
1.8262758
1.8262768
1.8262749
1.8262739
1.8262749
1.8262749
1.8262758
1.8262749
1.8262749
1.8262739
1.8262739
1.8262739
1.8262758
1.8262758
1.8262777
1.8262758
1.8262777
1.8262758
1.8262758
1.8262758
1.8262758
1.8262749
1.8262787
1.8262749
1.8262768
1.8262749
1.8262758
1.8262749
1.8262768
1.8262739
1.8262758
1.8262749
1.8262739
1.8262768
1.8262758
1.8262777
1.8262768
1.8262758
1.8262758
1.8262758
1.8262749
1.8262758
1.8262749
1.8262758
1.8262749
1.8262758
1.8262758
1.8262768
1.8262758
1.8262768
1.8262758
1.8262749
1.8262749
1.8262749
1.8262758
1.8262749
1.8262749
1.8262749
1.8262758
1.8262758
1.8262749
1.8262749
1.8262749
1.8262749
1.8262749
1.8262758
1.8262758
1.8262749
1.8262768
1.8262758
1.8262749
1.8262749
1.8262749
1.826273
1.8262739
1.8262739
1.8262749
1.8262749
1.8262749
1.8262749
1.8262758
1.8262768
1.8262739
1.8262758
1.8262768
1.8262749
1.8262749
1.8262758
1.8262768
1.8262758
1.8262749
1.826273
1.8262739
1.8262739
1.8262739
1.8262749
1.8262758
1.8262777
1.8262758
1.8262768
1.8262749
1.8262758
1.8262749
1.8262768
1.8262758
1.8262758
1.8262758
1.8262739
1.8262739
1.8262749
1.8262749
1.8262749
1.8262758
1.8262749
1.8262739
1.8262768
1.826273
1.8262758
1.8262758
1.8262749
1.8262758
1.8262749
1.8262758
1.8262739
1.8262758
1.8262749
1.8262768
1.8262777
1.8262777
1.8262758
1.8262749
1.8262749
1.8262749
1.826273
1.8262749
1.8262739
1.8262749
1.8262749
1.8262758
1.8262758
1.8262758
1.8262749
1.8262758
1.8262768
1.8262749
1.8262739
1.8262739
1.8262758
1.8262758
1.8262768
1.8262758
1.8262768
1.8262768
1.8262758
1.8262758
1.8262758
1.8262758
1.8262749
1.8262758
1.8262758
1.8262758
1.8262758
1.8262758
1.8262768
1.8262758
1.8262749
1.8262749
1.8262749
1.8262749
1.8262739
1.8262749
1.8262749
1.8262749
1.8262749
1.8262758
1.8262739
1.8262749
1.8262749
1.8262749
1.8262749
1.8262749
1.8262758
1.8262758
1.8262758
1.8262749
1.8262758
1.8262749
1.8262758
1.8262758
1.8262768
1.8262768
1.8262758
1.8262758
1.8262758
1.8262768
1.8262768
1.8262758
1.8262749
1.8262758
1.8262768
1.8262739
1.8262749
1.8262739
1.8262758
1.8262758
1.8262749
1.8262768
1.8262749
1.8262749
1.8262749
1.8262758
1.8262758
1.8262758
1.8262758
1.8262768
1.8262758
1.8262749
1.8262768
1.8262749
1.8262758
1.8262768
1.8262768
1.8262758
1.8262758
1.8262749
1.8262758
1.8262758
1.8262768
1.8262758
1.8262758
1.8262749
1.8262758
1.8262758
1.8262758
1.8262739
1.8262758
1.8262749
1.8262758
1.8262749
1.8262749
1.8262768
1.8262758
1.8262768
1.8262758
1.8262768
1.8262758
1.8262758
1.8262758
1.8262758
1.8262758
1.8262749
1.8262768
1.8262768
1.8262758
1.8262749
1.8262749
1.8262739
1.8262758
1.826273
1.8262749
1.8262758
1.8262739
1.8262749
1.8262758
1.8262768
1.8262739
1.8262758
1.8262749
1.8262749
1.8262758
1.8262758
1.8262758
1.8262749
1.8262758
1.826273
1.8262749
1.826273
1.8262758
1.8262749
1.8262749
1.8262758
1.8262739
1.8262739
1.8262758
1.8262768
1.8262758
1.8262758
1.8262758
1.8262749
1.8262749
1.8262749
1.8262749
1.8262739
1.8262749
1.8262749
1.8262758
1.8262749
1.8262749
1.8262739
1.8262739
1.8262758
1.8262749
1.8262758
1.8262758
1.8262768
1.8262758
1.8262739
1.8262768
1.8262768
1.8262768
1.8262768
1.8262758
1.8262758
1.8262749
1.8262749
1.8262749
1.8262758
1.8262758
1.8262749
1.8262749
1.8262739
1.8262739
1.8262758
1.8262749
1.8262758
1.8262758
1.8262768
1.8262749
1.8262758
1.8262749
1.8262758
1.8262768
1.8262768
1.8262758
1.8262758
1.8262758
1.8262758
1.8262758
1.8262758
1.8262758
1.8262749
1.8262749
1.8262777
1.8262749
1.8262749
1.8262739
1.8262758
1.8262768
1.8262758
1.8262758
1.8262749
1.8262758
1.8262749
1.8262749
1.8262758
1.8262758
1.8262749
1.8262758
1.8262758
1.8262739
1.8262758
1.8262768
1.8262758
1.8262758
1.826273
1.8262749
1.8262749
1.8262749
1.8262758
1.8262768
1.8262758
1.8262768
1.8262758
1.8262749
1.8262749
1.8262749
1.8262749
1.8262749
1.8262749
1.8262758
1.8262758
1.8262758
1.8262758
1.8262749
1.8262739
1.8262749
1.8262768
1.8262758
1.8262758
1.8262749
1.8262758
1.8262758
1.8262758
1.8262749
1.8262758
1.8262749
1.8262758
1.8262758
1.8262758
1.8262758
1.8262758
1.8262768
1.8262768
1.8262739
1.8262758
1.8262758
1.8262749
1.8262758
1.8262749
1.8262758
1.8262758
1.8262758
1.8262758
1.8262768
1.8262749
1.8262768
1.8262758
1.8262768
1.8262749
1.8262749
1.8262758
1.8262758
1.8262749
1.8262758
1.8262749
1.8262749
1.8262749
1.8262749
1.8262758
1.8262749
1.8262749
1.8262749
1.8262758
1.8262758
1.8262758
1.8262758
1.8262739
1.8262749
1.8262758
1.8262758
1.8262758
1.8262739
1.8262739
1.8262758
1.8262749
1.8262749
1.8262749
1.8262758
1.8262758
1.8262749
1.8262768
1.826273
1.8262749
1.8262749
1.8262749
1.8262758
1.8262768
1.8262768
1.8262749
1.8262758
1.8262749
1.8262758
1.8262758
1.8262768
1.8262749
1.8262739
1.8262768
1.8262749
1.8262758
1.8262758
1.8262768
1.8262739
1.8262768
1.8262749
1.8262758
1.8262758
1.8262758
1.8262758
1.8262768
1.8262758
1.8262777
1.8262768
1.8262758
1.8262758
1.8262768
1.8262749
1.8262749
1.8262768
1.8262758
1.8262749
1.8262749
1.8262758
1.8262749
1.8262758
1.8262758
1.8262758
1.8262739
1.8262739
1.8262739
1.8262758
1.8262758
1.8262758
1.826273
1.8262749
1.826273
1.8262749
1.8262768
1.8262758
1.8262749
1.8262749
1.8262749
1.8262739
1.8262739
1.8262749
1.8262749
1.8262749
1.8262749
1.8262758
1.8262749
1.8262739
1.8262749
1.8262749
1.8262749
1.8262768
1.8262768
1.8262758
1.8262758
1.8262749
1.8262758
1.8262749
1.8262758
1.8262768
1.8262777
1.8262739
1.8262739
1.8262758
1.8262739
1.8262768
1.8262739
1.8262768
1.8262768
1.8262749
1.8262739
1.8262758
1.8262749
1.8262749
1.8262749
1.8262749
1.8262758
1.8262749
1.8262758
1.8262749
1.8262758
1.8262749
1.8262739
1.8262749
1.8262768
1.8262758
1.8262758
1.8262749
1.8262768
1.8262758
1.8262758
1.8262749
1.8262768
1.8262768
1.8262758
1.8262749
1.8262749
1.8262749
1.8262758
1.8262758
1.8262749
1.8262758
1.8262758
1.8262758
1.8262758
1.8262758
1.8262749
1.8262749
1.8262768
1.8262758
1.8262749
1.8262749
1.8262749
1.8262758
1.8262758
1.8262768
1.8262758
1.8262777
1.8262758
1.8262749
1.8262768
1.8262768
1.8262758
1.8262758
1.8262758
1.8262758
1.8262758
1.8262758
1.8262739
1.8262758
1.8262758
1.8262758
1.8262749
1.8262749
1.8262758
1.8262749
1.8262749
1.8262749
1.8262758
1.8262758
1.8262749
1.8262758
1.8262768
1.8262758
1.8262758
1.8262758
1.8262758
1.8262758
1.8262749
1.8262758
1.8262739
1.8262758
1.8262749
1.8262768
1.8262749
1.8262749
1.8262749
1.8262749
1.8262749
1.8262749
1.8262758
1.8262758
1.8262749
1.8262758
1.8262749
1.8262749
1.8262768
1.8262758
1.8262758
1.8262758
1.8262758
1.8262749
1.8262758
1.8262758
1.8262758
1.8262768
1.8262758
1.8262758
1.8262749
1.8262758
1.8262749
1.8262758
1.8262749
1.8262749
1.8262768
1.8262768
1.8262749
1.8262749
1.8262758
1.8262749
1.8262739
1.8262749
1.8262749
1.8262739
1.8262749
1.826273
1.8262749
1.8262758
1.8262758
1.8262768
1.8262749
1.8262768
1.8262758
1.8262739
1.8262749
1.8262749
1.8262749
1.8262758
1.8262749
1.8262758
1.8262749
1.8262758
1.8262758
1.8262758
1.8262758
1.8262758
1.8262758
1.8262749
1.8262758
1.8262739
1.8262768
1.8262758
1.8262768
1.8262768
1.8262758
1.8262758
1.8262749
1.8262768
1.8262768
1.8262758
1.8262758
1.8262777
1.8262768
1.8262777
1.8262749
1.8262749
1.8262768
1.8262758
1.8262768
1.8262749
1.8262758
1.8262758
1.8262739
1.8262749
1.8262739
1.8262739
1.8262739
1.8262749
1.8262758
1.8262768
1.8262758
1.8262758
1.8262768
1.8262749
1.8262749
1.8262749
1.8262749
1.8262749
1.8262768
1.8262768
1.8262758
1.8262758
1.8262739
1.8262758
1.8262758
1.8262749
1.8262758
1.8262758
1.8262749
1.8262749
1.8262749
1.8262758
1.8262758
1.8262749
1.8262749
1.8262749
1.8262758
1.8262768
1.8262739
1.8262758
1.8262758
1.8262768
1.8262739
1.8262768
1.8262768
1.8262749
1.8262749
1.8262758
1.8262758
1.8262758
1.8262749
1.8262768
1.8262758
1.8262749
1.8262758
1.8262739
1.8262749
1.8262758
1.8262758
1.8262758
1.8262758
1.8262768
1.8262749
1.8262749
1.8262758
1.8262758
1.8262758
1.8262758
1.8262749
1.8262758
1.8262749
1.8262768
1.8262768
1.8262749
1.8262749
1.8262758
1.8262768
1.8262758
1.8262758
1.8262758
1.8262749
1.8262749
1.8262739
1.8262749
1.8262749
1.8262758
1.8262768
1.8262768
1.8262768
1.8262768
1.8262749
1.8262749
1.8262739
1.8262739
1.8262739
1.8262739
1.8262749
1.8262739
1.8262758
1.8262758
1.8262758
1.8262758
1.8262758
1.8262768
1.8262758
1.8262768
1.8262749
1.8262758
1.8262758
1.8262768
1.8262758
1.8262758
1.8262749
1.8262758
1.8262758
1.8262777
1.8262768
1.8262758
1.8262749
1.8262749
1.8262768
1.8262758
1.8262749
1.8262749
1.8262749
1.8262739
1.826273
1.8262739
1.8262758
1.8262739
1.8262749
1.8262749
1.8262758
1.8262758
1.8262758
1.8262758
1.8262749
1.8262758
1.8262768
1.8262768
1.8262768
1.8262758
1.8262749
1.8262758
1.8262758
1.8262749
1.8262758
1.8262758
1.8262768
1.8262758
1.8262749
1.8262749
1.8262768
1.8262758
1.8262749
1.8262777
1.8262749
1.8262749
1.8262749
1.8262758
1.8262768
1.8262739
1.8262749
1.8262768
1.8262758
1.8262749
1.8262749
1.8262749
1.8262739
1.8262758
1.8262749
1.8262768
1.8262749
1.8262758
1.826273
1.8262739
1.8262749
1.8262758
1.8262758
1.8262758
1.8262749
1.8262758
1.8262749
1.8262749
1.8262758
1.8262749
1.8262749
1.8262749
1.8262749
1.8262739
1.8262739
1.8262739
1.8262758
1.8262749
1.8262749
1.8262758
1.8262768
1.8262758
1.8262768
1.8262768
1.8262758
1.8262768
1.8262758
1.8262758
1.8262758
1.8262758
1.8262758
1.8262758
1.8262739
1.8262768
1.8262758
1.8262758
1.8262758
1.8262768
1.8262758
1.8262758
1.8262768
1.8262758
1.8262768
1.8262768
1.8262758
1.8262749
1.8262749
1.8262758
1.8262749
1.8262758
1.8262758
1.8262758
1.8262758
1.8262749
1.8262758
1.8262749
1.8262758
1.8262758
1.8262768
1.8262758
1.8262768
1.8262777
1.8262777
1.8262768
1.8262758
1.8262758
1.8262749
1.8262758
1.8262758
1.8262758
1.8262739
1.8262749
1.8262749
1.8262749
1.8262758
1.8262758
1.8262758
1.8262768
1.8262768
1.8262768
1.8262749
1.8262739
1.8262749
1.8262749
1.8262749
1.8262758
1.8262768
1.8262777
1.8262768
1.8262749
1.8262739
1.8262739
1.8262758
1.8262749
1.8262749
1.8262749
1.8262749
1.8262758
1.8262749
1.8262749
1.8262749
1.8262758
1.8262758
1.8262768
1.8262749
1.8262768
1.8262768
1.8262749
1.8262749
1.8262758
1.8262758
1.8262768
1.8262758
1.8262777
1.8262758
1.8262758
1.8262758
1.8262749
1.8262758
1.8262749
1.8262777
1.8262768
1.8262749
1.8262768
1.8262758
1.8262749
1.8262749
1.8262758
1.8262749
1.8262739
1.8262758
1.8262758
1.8262758
1.8262749
1.8262768
1.8262758
1.8262749
1.8262758
1.8262758
1.8262739
1.8262758
1.8262739
1.8262758
1.8262758
1.8262768
1.8262758
1.8262749
1.8262768
1.8262758
1.8262758
1.8262749
1.8262749
1.8262768
1.8262758
1.8262749
1.8262768
1.8262749
1.8262768
1.8262768
1.8262768
1.8262758
1.8262758
1.8262749
1.8262749
1.8262749
1.8262739
1.8262758
1.8262758
1.8262749
1.826273
1.8262749
1.8262749
1.8262749
1.8262758
1.8262768
1.8262768
1.8262768
1.8262758
1.8262749
1.8262739
1.8262749
1.8262758
1.8262758
1.8262749
1.8262749
1.8262749
1.8262758
1.8262758
1.8262749
1.8262749
1.8262749
1.8262758
1.8262768
1.8262758
1.8262768
1.8262768
1.8262768
1.8262758
1.8262749
1.8262768
1.8262768
1.8262749
1.8262768
1.8262739
1.8262739
1.8262739
1.8262739
1.8262758
1.8262768
1.8262768
1.8262758
1.8262749
1.8262749
1.8262768
1.8262739
1.8262768
1.8262758
1.8262758
1.8262758
1.8262749
1.8262758
1.8262749
1.8262758
1.8262749
1.8262768
1.8262749
1.826273
1.8262739
1.8262739
1.8262749
1.8262768
1.8262749
1.8262749
1.8262749
1.8262758
1.8262758
1.8262749
1.8262758
1.8262749
1.8262758
1.8262758
1.8262768
1.8262758
1.8262758
1.8262749
1.8262758
1.8262758
1.8262739
1.8262749
1.8262758
1.8262739
1.8262768
1.8262758
1.8262749
1.8262749
1.8262749
1.8262758
1.8262749
1.8262749
1.8262768
1.8262749
1.8262749
1.8262768
1.8262768
1.8262768
1.8262758
1.8262758
1.8262758
1.8262749
1.8262768
1.8262768
1.8262749
1.8262758
1.8262749
1.8262758
1.8262758
1.8262758
1.8262749
1.8262758
1.8262758
1.8262768
1.8262758
1.8262739
1.8262758
1.8262758
1.8262758
1.8262749
1.8262768
1.8262739
1.8262739
1.8262749
1.8262758
1.8262768
1.8262768
1.8262758
1.8262749
1.8262749
1.8262739
1.8262749
1.8262749
1.8262739
1.8262749
1.8262758
1.8262749
1.8262749
1.8262758
1.8262768
1.8262768
1.8262758
1.8262758
1.8262749
1.8262749
1.8262758
1.8262758
1.8262749
1.8262768
1.8262749
1.8262758
1.8262749
1.8262739
1.8262749
1.8262758
1.8262749
1.8262758
1.8262758
1.8262749
1.8262749
1.8262768
1.8262758
1.8262749
1.8262749
1.8262758
1.8262758
1.8262749
1.8262758
1.8262758
1.8262758
1.8262768
1.8262749
1.8262768
1.8262749
1.8262739
1.8262739
1.8262739
1.8262749
1.8262749
1.8262749
1.8262758
1.8262768
1.8262749
1.8262749
1.8262758
1.8262758
1.8262758
1.8262758
1.8262758
1.8262758
1.8262768
1.8262749
1.8262749
1.8262739
1.8262749
1.8262739
1.8262758
1.8262739
1.8262758
1.8262758
1.8262739
1.8262739
1.8262749
1.8262739
1.8262739
1.8262758
1.8262739
1.8262768
1.8262768
1.8262758
1.8262758
1.8262758
1.8262768
1.8262749
1.8262758
1.8262749
1.8262758
1.8262768
1.8262739
1.8262758
1.8262749
1.8262758
1.8262758
1.8262758
1.8262758
1.8262749
1.8262777
1.8262749
1.8262768
1.8262768
1.8262758
1.8262758
1.8262758
1.8262758
1.8262758
1.8262739
1.8262749
1.8262749
1.8262749
1.8262749
1.8262758
1.8262739
1.8262758
1.8262758
1.8262768
1.8262758
1.8262777
1.8262749
1.8262739
1.8262758
1.8262758
1.8262749
1.8262758
1.8262758
1.8262758
1.8262749
1.8262749
1.8262768
1.8262758
1.8262749
1.8262758
1.8262758
1.8262768
1.8262749
1.8262758
1.8262749
1.8262749
1.8262758
1.8262758
1.8262758
1.8262758
1.8262749
1.8262749
1.8262739
1.8262749
1.8262758
1.8262768
1.8262758
1.8262768
1.8262758
1.8262749
1.8262749
1.8262758
1.8262749
1.8262749
1.8262749
1.8262739
1.8262739
1.8262758
1.8262749
1.8262758
1.8262758
1.8262749
1.8262749
1.8262749
1.8262749
1.8262739
1.8262758
1.8262749
1.8262749
1.8262758
1.8262758
1.8262749
1.8262758
1.8262739
1.8262749
1.8262749
1.8262739
1.8262749
1.8262758
1.8262749
1.8262768
1.8262768
1.8262768
1.8262758
1.8262758
1.8262749
1.8262749
1.8262749
1.8262739
1.8262749
1.8262758
1.8262758
1.8262749
1.8262758
1.8262739
1.8262758
1.8262768
1.8262758
1.8262758
1.8262749
1.8262758
1.8262749
1.8262758
1.8262749
1.8262749
1.8262739
1.8262749
1.8262749
1.8262749
1.8262758
1.8262749
1.8262749
1.8262749
1.8262739
1.8262749
1.8262739
1.8262768
1.8262758
1.8262749
1.8262787
1.8262758
1.8262758
1.8262749
1.8262749
1.8262768
1.8262749
1.8262749
1.8262749
1.8262739
1.8262749
1.8262768
1.8262758
1.8262768
1.8262758
1.8262768
1.8262749
1.8262749
1.8262739
1.8262758
1.8262758
1.8262758
1.8262758
1.8262758
1.8262768
1.8262768
1.8262758
1.8262749
1.8262768
1.8262739
1.8262758
1.8262749
1.8262758
1.8262749
1.8262768
1.8262758
1.8262768
1.8262768
1.8262758
1.8262758
1.8262768
1.8262758
1.8262749
1.8262758
1.8262758
1.8262758
1.8262758
1.8262768
1.8262768
1.8262758
1.8262758
1.8262758
1.8262758
1.8262768
1.8262758
1.8262758
1.8262758
1.8262758
1.8262768
1.8262749
1.8262768
1.8262758
1.8262768
1.8262768
1.8262758
1.8262749
1.8262758
1.8262758
1.8262758
1.8262758
1.8262768
1.8262758
1.8262749
1.8262758
1.8262739
1.8262749
1.8262777
1.8262749
1.8262749
1.8262749
1.8262758
1.8262777
1.8262768
1.8262768
1.8262768
1.8262768
1.8262749
1.8262739
1.8262758
1.8262739
1.8262758
1.8262758
1.8262768
1.8262749
1.8262768
1.8262739
1.8262758
1.8262758
1.8262749
1.8262758
1.8262749
1.8262758
1.8262739
1.8262758
1.8262749
1.8262768
1.8262768
1.8262768
1.8262758
1.8262749
1.8262758
1.8262749
1.8262768
1.8262777
1.8262758
1.8262758
1.8262758
1.8262758
1.8262739
1.8262739
1.8262739
1.8262749
1.8262758
1.8262777
1.8262749
1.8262749
1.8262758
1.8262749
1.8262749
1.826273
1.8262749
1.8262749
1.8262749
1.8262749
1.8262768
1.8262768
1.8262758
1.8262749
1.8262749
1.8262768
1.8262768
1.8262758
1.8262768
1.8262749
1.8262749
1.8262749
1.8262758
1.8262749
1.8262758
1.8262749
1.8262749
1.8262749
1.8262749
1.8262768
1.8262758
1.8262768
1.8262768
1.8262749
1.8262758
1.8262758
1.8262758
1.8262758
1.8262768
1.8262758
1.8262768
1.8262758
1.8262758
1.8262768
1.8262749
1.8262758
1.8262758
1.8262749
1.8262758
1.8262749
1.8262758
1.8262768
1.8262749
1.8262758
1.8262739
1.8262749
1.8262758
1.8262749
1.8262768
1.8262768
1.8262758
1.8262758
1.8262758
1.8262758
1.8262749
1.8262749
1.8262768
1.8262758
1.8262749
1.8262739
1.8262749
1.8262749
1.8262749
1.8262768
1.8262768
1.8262758
1.8262749
1.8262739
1.8262758
1.8262758
1.8262758
1.8262768
1.8262768
1.8262749
1.8262749
1.8262749
1.8262777
1.8262739
1.8262758
1.8262758
1.8262777
1.8262768
1.8262749
1.8262739
1.8262749
1.8262749
1.8262758
1.8262758
1.8262749
1.8262768
1.8262758
1.8262777
1.8262758
1.8262758
1.8262758
1.8262758
1.8262749
1.8262758
1.8262758
1.8262768
1.8262758
1.8262758
1.8262768
1.8262749
1.8262749
1.8262749
1.8262749
1.8262749
1.8262758
1.8262758
1.8262739
1.8262749
1.8262749
1.8262739
1.8262749
1.8262758
1.8262749
1.8262749
1.8262758
1.8262758
1.8262768
1.8262749
1.8262768
1.8262749
1.8262758
1.8262749
1.8262758
1.8262749
1.8262758
1.8262749
1.8262768
1.8262749
1.8262758
1.8262768
1.8262758
1.8262758
1.8262758
1.8262758
1.8262758
1.8262768
1.8262749
1.8262758
1.8262758
1.8262758
1.8262758
1.8262768
1.8262758
1.8262758
1.8262749
1.8262758
1.8262758
1.8262749
1.8262758
1.8262758
1.8262749
1.8262768
1.8262749
1.8262749
1.8262758
1.8262768
1.8262749
1.8262758
1.8262749
1.8262749
1.8262758
1.8262758
1.8262749
1.8262758
1.8262758
1.8262758
1.8262749
1.8262758
1.8262758
1.8262758
1.8262749
1.8262749
1.8262739
1.8262749
1.8262758
1.8262758
1.8262749
1.8262749
1.8262749
1.8262739
1.8262768
1.8262749
1.8262749
1.8262758
1.8262739
1.8262749
1.8262749
1.8262739
1.8262749
1.8262739
1.8262749
1.8262749
1.8262758
1.8262768
1.8262758
1.8262758
1.8262758
1.8262749
1.8262749
1.8262768
1.8262758
1.8262758
1.8262758
1.8262749
1.8262749
1.8262768
1.8262758
1.8262749
1.8262749
1.8262758
1.8262749
1.8262749
1.8262768
1.8262758
1.8262758
1.8262739
1.8262749
1.8262749
1.8262758
1.8262749
1.8262758
1.8262758
1.8262758
1.8262768
1.8262749
1.8262749
1.8262768
1.8262758
1.8262758
1.8262777
1.8262758
1.8262758
1.8262749
1.8262768
1.8262758
1.8262768
1.8262739
1.8262758
1.8262749
1.8262749
1.8262758
1.8262758
1.8262768
1.8262768
1.8262768
1.8262739
1.8262739
1.8262758
1.8262768
1.8262768
1.8262768
1.8262758
1.8262758
1.8262758
1.8262758
1.8262758
1.8262749
1.8262758
1.8262739
1.8262749
1.8262758
1.8262768
1.8262749
1.8262758
1.8262749
1.8262768
1.8262758
1.8262758
1.8262749
1.8262739
1.8262749
1.8262758
1.8262758
1.8262768
1.8262749
1.8262758
1.8262758
1.8262758
1.8262758
1.8262758
1.8262768
1.8262768
1.8262749
1.826273
1.8262739
1.8262758
1.826273
1.8262758
1.8262739
1.8262758
1.8262749
1.8262749
1.8262768
1.8262739
1.8262758
1.8262749
1.8262739
1.8262758
1.8262749
1.8262749
1.8262758
1.8262749
1.8262758
1.8262739
1.8262739
1.8262749
1.8262758
1.8262758
1.8262749
1.8262758
1.8262749
1.8262758
1.8262758
1.8262749
1.8262749
1.8262768
1.8262749
1.8262749
1.8262758
1.8262758
1.8262758
1.8262758
1.8262749
1.8262758
1.8262758
1.8262758
1.8262758
1.8262749
1.8262758
1.8262749
1.8262749
1.8262749
1.8262758
1.8262758
1.8262749
1.8262749
1.8262758
1.8262749
1.8262758
1.8262739
1.8262749
1.8262758
1.8262758
1.8262787
1.8262768
1.8262758
1.8262758
1.8262758
1.8262758
1.8262758
1.8262758
1.8262768
1.8262758
1.8262768
1.8262768
1.8262758
1.8262758
1.8262758
1.8262749
1.8262758
1.8262758
1.8262758
1.8262758
1.8262758
1.8262749
1.8262768
1.8262777
1.8262768
1.8262768
1.8262758
1.8262768
1.8262758
1.8262749
1.8262749
1.8262739
1.8262758
1.8262758
1.8262758
1.8262749
1.8262768
1.8262758
1.8262758
1.8262749
1.8262758
1.8262758
1.8262758
1.8262758
1.8262749
1.8262758
1.8262758
1.8262758
1.8262749
1.8262768
1.8262758
1.8262758
1.8262758
1.8262749
1.8262749
1.8262768
1.8262749
1.8262758
1.8262749
1.8262739
1.8262758
1.8262739
1.8262758
1.8262739
1.8262758
1.8262768
1.8262758
1.8262758
1.8262768
1.8262758
1.8262749
1.8262768
1.8262758
1.8262749
1.8262758
1.8262749
1.8262768
1.8262749
1.8262758
1.8262749
1.8262739
1.8262749
1.8262749
1.8262749
1.8262758
1.8262768
1.8262758
1.8262768
1.8262768
1.8262758
1.8262758
1.8262758
1.8262758
1.8262758
1.8262749
1.8262758
1.8262749
1.8262758
1.8262739
1.8262739
1.8262758
1.8262768
1.8262768
1.8262777
1.8262768
1.8262777
1.8262758
1.8262749
1.8262758
1.8262758
1.8262777
1.8262777
1.8262777
1.8262758
1.8262758
1.8262758
1.8262749
1.8262768
1.8262749
1.8262758
1.826273
1.8262768
1.8262768
1.8262758
1.8262758
1.8262749
1.8262758
1.8262758
1.8262758
1.8262758
1.8262758
1.8262768
1.8262749
1.8262749
1.8262758
1.8262758
1.8262768
1.8262758
1.8262749
1.8262758
1.8262758
1.8262749
1.8262768
1.8262758
1.8262749
1.8262739
1.8262777
1.8262768
1.8262758
1.8262758
1.8262749
1.8262758
1.8262749
1.8262758
1.8262749
1.8262758
1.8262758
1.8262758
1.8262749
1.8262758
1.8262758
1.8262758
1.8262758
1.8262749
1.8262758
1.8262749
1.8262758
1.8262758
1.8262749
1.8262749
1.8262758
1.8262768
1.8262768
1.8262749
1.8262758
1.8262768
1.8262758
1.8262739
1.8262758
1.8262749
1.8262749
1.8262749
1.8262758
1.8262777
1.8262768
1.8262749
1.8262758
1.8262739
1.8262739
1.8262749
1.826273
1.8262739
1.8262739
1.8262739
1.8262749
1.8262749
1.8262758
1.8262758
1.8262758
1.8262758
1.8262749
1.8262758
1.8262768
1.8262768
1.8262749
1.8262758
1.8262768
1.8262758
1.8262749
1.8262749
1.8262758
1.8262749
1.8262739
1.8262739
1.8262758
1.8262758
1.8262758
1.8262758
1.8262768
1.8262768
1.8262768
1.8262758
1.8262749
1.8262758
1.8262758
1.8262749
1.8262749
1.8262749
1.8262758
1.8262768
1.8262758
1.8262758
1.8262768
1.8262749
1.8262768
1.8262739
1.8262758
1.8262749
1.8262758
1.8262758
1.8262749
1.8262758
1.8262758
1.8262749
1.8262768
1.8262758
1.8262758
1.8262758
1.8262749
1.8262749
1.8262749
1.8262749
1.8262758
1.8262749
1.8262749
1.8262768
1.8262758
1.8262749
1.8262749
1.8262758
1.8262758
1.8262758
1.8262739
1.8262758
1.8262758
1.8262739
1.8262758
1.8262749
1.8262758
1.8262749
1.8262749
1.8262758
1.8262777
1.8262758
1.8262758
1.8262758
1.8262749
1.8262749
1.8262758
1.8262768
1.8262758
1.8262768
1.8262739
1.8262749
1.8262758
1.8262749
1.8262768
1.8262758
1.8262768
1.8262758
1.8262758
1.8262749
1.8262758
1.8262739
1.8262749
1.8262739
1.8262749
1.8262768
1.8262758
1.8262749
1.8262749
1.8262749
1.8262758
1.8262749
1.8262739
1.8262768
1.8262758
1.826273
1.826273
1.8262749
1.8262758
1.8262749
1.8262749
1.8262758
1.8262749
1.8262758
1.8262749
1.8262749
1.8262758
1.8262768
1.8262768
1.8262777
1.8262758
1.8262787
1.8262777
1.8262758
1.8262758
1.8262768
1.8262777
1.8262768
1.826273
1.8262758
1.8262758
1.8262749
1.8262758
1.8262758
1.8262739
1.8262749
1.8262749
1.8262768
1.8262758
1.8262768
1.8262768
1.8262777
1.8262777
1.8262768
1.8262758
1.8262758
1.8262749
1.8262749
1.8262749
1.8262739
1.8262739
1.8262749
1.8262777
1.8262777
1.8262749
1.8262758
1.8262758
1.8262758
1.8262768
1.8262758
1.8262749
1.8262739
1.8262739
1.8262758
1.8262758
1.8262749
1.8262758
1.8262758
1.8262749
1.8262749
1.8262768
1.8262768
1.8262758
1.8262768
1.8262739
1.8262739
1.8262749
1.8262749
1.8262768
1.8262749
1.8262749
1.8262758
1.8262749
1.8262768
1.8262758
1.8262758
1.8262777
1.8262758
1.8262758
1.8262758
1.8262739
1.8262749
1.8262758
1.8262749
1.8262768
1.8262768
1.8262758
1.8262758
1.8262749
1.8262749
1.8262749
1.8262749
1.8262758
1.8262768
1.8262749
1.8262758
1.8262758
1.8262758
1.8262749
1.8262758
1.8262768
1.8262758
1.8262768
1.8262749
1.8262758
1.8262758
1.8262749
1.8262749
1.8262749
1.8262768
1.8262749
1.8262749
1.8262758
1.8262749
1.8262758
1.8262758
1.8262749
1.8262739
1.8262749
1.8262758
1.8262749
1.8262758
1.8262777
1.8262758
1.8262749
1.8262749
1.8262739
1.8262749
1.8262758
1.8262749
1.8262768
1.8262758
1.8262758
1.8262758
1.8262758
1.8262749
1.8262749
1.8262758
1.8262739
1.8262739
1.8262758
1.8262758
1.8262739
1.8262749
1.8262758
1.8262749
1.8262768
1.8262758
1.8262758
1.8262758
1.8262749
1.8262749
1.8262749
1.8262739
1.8262758
1.8262749
1.8262739
1.8262758
1.8262768
1.8262749
1.8262758
1.8262768
1.8262758
1.8262758
1.8262758
1.8262777
1.8262768
1.8262749
1.8262758
1.8262749
1.8262758
1.8262749
1.8262758
1.8262749
1.8262749
1.8262758
1.8262749
1.8262749
1.8262749
1.8262749
1.8262768
1.8262749
1.8262758
1.8262739
1.8262749
1.8262739
1.8262758
1.8262777
1.8262768
1.8262758
1.8262768
1.8262739
1.8262768
1.8262758
1.8262739
1.8262749
1.826273
1.8262758
1.8262739
1.8262749
1.8262758
1.8262739
1.8262758
1.8262768
1.8262758
1.8262758
1.8262739
1.8262758
1.8262749
1.8262768
1.8262749
1.8262768
1.8262777
1.8262768
1.8262777
1.8262768
1.8262768
1.8262758
1.8262749
1.8262739
1.8262758
1.8262749
1.8262739
1.8262749
1.8262749
1.8262758
1.8262739
1.8262749
1.8262749
1.8262758
1.8262758
1.8262758
1.8262768
1.8262787
1.8262758
1.8262749
1.8262758
1.8262768
1.8262758
1.8262758
1.8262758
1.8262758
1.8262758
1.8262739
1.8262768
1.8262758
1.8262758
1.8262739
1.8262739
1.8262739
1.8262739
1.8262749
1.8262758
1.8262749
1.8262749
1.8262739
1.8262758
1.8262739
1.8262758
1.8262749
1.8262749
1.8262739
1.8262758
1.8262768
1.8262768
1.8262758
1.8262758
1.8262758
1.8262739
1.8262739
1.8262749
1.8262749
1.8262758
1.8262758
1.8262758
1.8262749
1.8262758
1.8262749
1.8262758
1.8262758
1.8262749
1.8262768
1.8262749
1.8262768
1.8262749
1.8262749
1.8262758
1.8262739
1.8262749
1.8262768
1.8262777
1.8262749
1.8262758
1.8262758
1.8262768
1.8262758
1.8262758
1.8262768
1.8262768
1.8262768
1.8262739
1.8262749
1.8262749
1.8262749
1.8262768
1.8262749
1.8262758
1.8262768
1.8262749
1.8262768
1.8262777
1.8262758
1.8262758
1.8262768
1.8262758
1.8262768
1.8262758
1.8262758
1.8262749
1.8262749
1.8262739
1.826273
1.8262749
1.8262749
1.8262749
1.8262749
1.8262758
1.8262768
1.8262758
1.8262758
1.8262739
1.8262749
1.8262758
1.8262758
1.8262758
1.8262758
1.8262768
1.8262749
1.8262739
1.8262739
1.8262749
1.8262749
1.8262749
1.8262739
1.8262758
1.8262758
1.8262758
1.8262758
1.8262768
1.8262739
1.8262739
1.8262758
1.8262749
1.8262749
1.8262758
1.8262758
1.8262758
1.8262758
1.8262768
1.8262749
1.8262749
1.8262749
1.8262758
1.8262758
1.8262768
1.8262749
1.8262758
1.8262758
1.8262768
1.8262768
1.8262768
1.8262758
1.8262749
1.8262739
1.8262739
1.8262749
1.8262758
1.8262758
1.8262758
1.8262749
1.8262768
1.8262768
1.8262758
1.8262758
1.8262739
1.8262758
1.8262768
1.8262758
1.8262758
1.8262749
1.8262758
1.8262768
1.8262768
1.8262749
1.8262768
1.8262739
1.8262768
1.8262749
1.8262749
1.8262749
1.8262749
1.8262768
1.8262768
1.8262758
1.8262749
1.8262758
1.8262739
1.8262758
1.8262749
1.8262758
1.8262758
1.826272
1.8262768
1.8262768
1.8262768
1.8262758
1.8262758
1.8262749
1.8262749
1.8262758
1.8262768
1.8262768
1.8262768
1.8262758
1.8262768
1.8262758
1.8262758
1.8262749
1.8262768
1.8262768
1.8262758
1.8262768
1.8262739
1.8262758
1.8262768
1.8262749
1.8262768
1.8262758
1.8262749
1.8262758
1.8262758
1.8262758
1.8262749
1.8262739
1.8262758
1.8262749
1.8262758
1.8262749
1.8262777
1.8262777
1.8262768
1.8262749
1.8262749
1.8262749
1.8262749
1.8262758
1.8262749
1.8262758
1.8262749
1.8262758
1.8262749
1.8262768
1.8262749
1.8262749
1.8262758
1.8262749
1.8262758
1.8262758
1.8262749
1.8262758
1.8262749
1.8262758
1.8262768
1.8262768
1.8262749
1.8262768
1.8262749
1.8262768
1.8262768
1.8262758
1.8262758
1.8262758
1.8262749
1.8262758
1.8262768
1.8262758
1.8262749
1.8262758
1.8262758
1.8262758
1.8262749
1.8262739
1.8262749
1.8262749
1.8262758
1.8262758
1.8262768
1.8262749
1.8262749
1.8262768
1.8262749
1.8262758
1.8262758
1.8262749
1.8262758
1.8262758
1.8262758
1.8262758
1.8262768
1.8262758
1.8262758
1.8262768
1.8262758
1.8262758
1.8262739
1.8262749
1.8262758
1.8262749
1.8262749
1.8262749
1.8262768
1.8262758
1.8262758
1.8262768
1.8262768
1.8262749
1.8262758
1.8262749
1.8262768
1.8262758
1.8262749
1.8262749
1.8262758
1.8262739
1.8262749
1.8262758
1.8262758
1.8262758
1.8262749
1.8262749
1.8262758
1.8262768
1.8262758
1.8262758
1.8262749
1.8262749
1.8262749
1.8262749
1.8262758
1.8262758
1.8262777
1.8262768
1.8262768
1.8262758
1.8262758
1.8262768
1.8262749
1.8262768
1.8262749
1.8262749
1.8262758
1.8262758
1.8262739
1.8262758
1.8262749
1.8262758
1.8262739
1.8262758
1.8262739
1.8262758
1.8262749
1.8262749
1.8262768
1.8262758
1.8262758
1.8262749
1.8262758
1.8262749
1.8262768
1.8262758
1.8262758
1.826273
1.8262739
1.8262749
1.8262749
1.8262758
1.8262749
1.8262749
1.8262749
1.8262749
1.8262749
1.8262749
1.8262758
1.8262768
1.8262758
1.8262749
1.8262749
1.8262749
1.8262749
1.8262739
1.8262739
1.8262758
1.8262758
1.8262768
1.8262768
1.8262768
1.8262758
1.8262749
1.8262777
1.8262758
1.8262749
1.8262758
1.8262758
1.8262739
1.8262758
1.8262749
1.8262749
1.8262768
1.8262758
1.8262758
1.8262768
1.8262758
1.8262758
1.8262749
1.8262758
1.8262739
1.8262749
1.8262777
1.8262749
1.8262758
1.8262768
1.8262749
1.8262758
1.8262749
1.8262739
1.8262758
1.8262749
1.8262749
1.8262768
1.8262758
1.8262768
1.8262768
1.8262758
1.8262758
1.8262749
1.8262758
1.8262749
1.8262758
1.8262749
1.8262749
1.8262768
1.8262758
1.8262749
1.8262758
1.8262758
1.8262768
1.8262758
1.8262749
1.8262749
1.8262758
1.8262768
1.8262749
1.8262758
1.8262749
1.8262758
1.8262758
1.8262749
1.8262749
1.8262749
1.8262768
1.8262758
1.8262758
1.8262768
1.8262758
1.8262749
1.8262739
1.8262768
1.8262758
1.8262749
1.8262749
1.8262749
1.8262758
1.8262758
1.8262749
1.8262758
1.8262758
1.8262768
1.8262749
1.8262749
1.8262768
1.8262749
1.8262758
1.8262749
1.8262749
1.8262749
1.8262749
1.8262768
1.8262739
1.8262739
1.8262739
1.8262749
1.8262768
1.8262758
1.8262758
1.8262768
1.8262758
1.8262758
1.8262758
1.8262768
1.8262758
1.8262758
1.8262758
1.8262749
1.8262739
1.8262749
1.8262768
1.8262749
1.8262758
1.8262749
1.8262739
1.8262758
1.8262768
1.8262777
1.8262758
1.8262758
1.8262758
1.8262768
1.8262758
1.8262758
1.8262758
1.8262758
1.8262768
1.8262749
1.8262758
1.8262768
1.8262749
1.8262749
1.8262749
1.8262758
1.8262749
1.8262758
1.8262749
1.8262768
1.8262777
1.8262749
1.8262758
1.8262758
1.8262758
1.8262768
1.8262749
1.8262768
1.8262758
1.8262777
1.8262749
1.8262758
1.8262758
1.8262749
1.8262758
1.8262758
1.8262758
1.8262749
1.8262739
1.8262749
1.8262739
1.8262758
1.8262768
1.8262758
1.8262758
1.8262768
1.8262749
1.8262758
1.8262739
1.8262758
1.8262758
1.8262749
1.8262758
1.8262739
1.8262758
1.8262749
1.8262749
1.8262749
1.8262739
1.8262749
1.8262749
1.8262758
1.8262758
1.8262749
1.8262768
1.8262758
1.8262749
1.8262758
1.8262739
1.8262758
1.8262758
1.8262749
1.8262758
1.8262749
1.8262739
1.8262749
1.8262749
1.8262749
1.8262749
1.8262749
1.8262739
1.8262749
1.8262749
1.8262758
1.8262758
1.8262758
1.8262739
1.826272
1.8262758
1.8262768
1.8262777
1.8262758
1.8262758
1.8262768
1.8262749
1.8262758
1.8262749
1.8262749
1.8262768
1.8262758
1.8262758
1.8262758
1.8262758
1.8262768
1.8262749
1.8262758
1.8262739
1.8262749
1.8262739
1.8262749
1.8262739
1.8262758
1.8262749
1.8262739
1.8262768
1.8262758
1.8262758
1.8262787
1.8262758
1.8262749
1.8262758
1.8262749
1.8262749
1.8262758
1.8262768
1.8262758
1.8262758
1.8262749
1.8262768
1.8262758
1.8262749
1.8262758
1.8262739
1.8262758
1.8262758
1.8262758
1.8262758
1.8262758
1.8262758
1.8262758
1.8262739
1.8262758
1.8262749
1.8262749
1.8262749
1.8262758
1.8262758
1.8262758
1.8262749
1.8262758
1.8262758
1.8262768
1.8262768
1.8262749
1.8262749
1.8262749
1.8262749
1.8262758
1.826273
1.8262768
1.8262758
1.8262758
1.8262739
1.8262777
1.8262758
1.8262749
1.8262758
1.8262768
1.8262758
1.8262758
1.8262749
1.8262758
1.8262749
1.8262749
1.8262749
1.8262749
1.8262758
1.826273
1.8262749
1.8262758
1.8262758
1.8262749
1.8262758
1.8262749
1.8262758
1.8262758
1.8262758
1.8262739
1.8262758
1.8262739
1.8262749
1.8262758
1.8262768
1.8262749
1.8262768
1.8262758
1.8262768
1.8262749
1.8262739
1.8262749
1.8262758
1.8262758
1.8262758
1.8262768
1.8262758
1.8262758
1.8262758
1.8262758
1.8262768
1.8262758
1.8262758
1.8262768
1.8262758
1.8262768
1.8262749
1.8262768
1.8262749
1.8262758
1.8262758
1.8262768
1.8262768
1.8262768
1.8262749
1.8262758
1.8262758
1.8262768
1.8262768
1.8262749
1.8262749
1.8262768
1.8262739
1.8262768
1.8262749
1.8262749
1.8262739
1.8262768
1.8262749
1.8262768
1.8262768
1.8262758
1.8262739
1.8262749
1.8262749
1.8262758
1.8262758
1.8262758
1.8262768
1.8262768
1.8262749
1.8262768
1.8262758
1.8262758
1.8262758
1.8262768
1.8262758
1.8262749
1.8262758
1.826272
1.8262749
1.8262739
1.826273
1.8262758
1.8262758
1.8262749
1.8262768
1.8262749
1.8262749
1.8262739
1.8262749
1.8262777
1.8262768
1.8262749
1.8262768
1.8262758
1.8262758
1.8262749
1.8262739
1.8262749
1.8262749
1.8262749
1.8262758
1.8262749
1.8262749
1.8262749
1.8262749
1.8262749
1.8262749
1.8262768
1.8262749
1.8262758
1.8262739
1.8262749
1.8262739
1.8262749
1.8262749
1.8262768
1.8262758
1.8262758
1.8262758
1.8262758
1.8262758
1.8262758
1.8262749
1.8262749
1.8262749
1.8262758
1.8262758
1.8262758
1.8262739
1.826273
1.8262749
1.8262749
1.8262768
1.8262758
1.8262768
1.8262768
1.8262758
1.8262768
1.8262758
1.8262758
1.8262739
1.8262768
1.8262749
1.8262739
1.8262758
1.8262758
1.8262758
1.8262758
1.8262739
1.8262749
1.8262758
1.8262749
1.8262749
1.8262758
1.8262758
1.8262749
1.8262749
1.8262749
1.8262749
1.8262749
1.8262749
1.8262749
1.8262758
1.8262777
1.8262758
1.8262749
1.8262739
1.8262749
1.8262749
1.8262749
1.8262739
1.8262758
1.8262768
1.8262749
1.8262758
1.8262777
1.8262758
1.8262749
1.8262768
1.8262739
1.8262749
1.8262758
1.8262768
1.8262768
1.8262758
1.8262768
1.8262749
1.8262758
1.8262749
1.8262758
1.8262777
1.8262768
1.8262749
1.8262749
1.8262768
1.8262768
1.8262768
1.8262768
1.8262749
1.8262758
1.8262758
1.8262758
1.8262739
1.8262749
1.8262749
1.8262758
1.8262758
1.8262768
1.8262768
1.8262758
1.8262749
1.8262758
1.8262749
1.8262758
1.8262758
1.8262749
1.8262749
1.8262749
1.8262758
1.8262758
1.8262749
1.8262758
1.8262768
1.8262739
1.8262749
1.8262749
1.8262749
1.8262758
1.8262758
1.8262758
1.8262749
1.8262749
1.8262758
1.8262758
1.8262758
1.8262758
1.8262739
1.8262758
1.8262758
1.8262768
1.8262749
1.8262758
1.8262749
1.8262749
1.8262768
1.8262758
1.8262768
1.8262758
1.8262758
1.8262749
1.8262758
1.8262758
1.8262758
1.8262768
1.8262758
1.8262758
1.8262749
1.8262758
1.8262758
1.8262758
1.8262768
1.8262768
1.8262777
1.8262758
1.8262758
1.8262749
1.8262749
1.8262749
1.8262749
1.8262749
1.8262739
1.8262739
1.8262749
1.8262758
1.8262758
1.8262758
1.8262768
1.8262768
1.8262758
1.8262758
1.8262758
1.8262758
1.8262768
1.8262768
1.8262749
1.8262758
1.8262739
1.8262768
1.8262758
1.8262758
1.8262749
1.8262749
1.8262739
1.8262739
1.8262749
1.8262749
1.8262758
1.8262749
1.8262758
1.8262758
1.8262749
1.8262749
1.8262758
1.8262749
1.8262749
1.8262749
1.8262739
1.8262749
1.8262739
1.8262749
1.8262758
1.8262739
1.8262758
1.8262749
1.8262758
1.8262758
1.8262768
1.8262758
1.8262749
1.8262758
1.8262749
1.8262749
1.8262758
1.8262739
1.8262739
1.8262758
1.8262758
1.8262758
1.8262758
1.8262749
1.8262768
1.8262758
1.8262758
1.8262768
1.8262739
1.8262758
1.8262749
1.8262758
1.8262758
1.8262758
1.8262758
1.8262768
1.8262758
1.8262758
1.8262758
1.8262768
1.8262749
1.8262758
1.8262768
1.8262758
1.8262739
1.8262768
1.8262739
1.8262749
1.8262758
1.8262758
1.8262739
1.8262749
1.8262749
1.8262758
1.8262758
1.8262749
1.8262777
1.8262768
1.8262758
1.8262749
1.8262749
1.8262758
1.8262758
1.8262758
1.8262768
1.8262739
1.8262749
1.8262758
1.8262758
1.8262739
1.8262758
1.8262749
1.8262768
1.8262758
1.8262758
1.8262758
1.8262749
1.8262758
1.8262768
1.8262758
1.8262768
1.8262768
1.8262749
1.8262758
1.8262768
1.8262777
1.8262758
1.8262758
1.8262758
1.8262749
1.826273
1.8262749
1.8262749
1.8262749
1.8262758
1.8262749
1.8262758
1.8262758
1.8262758
1.8262768
1.8262758
1.8262758
1.8262777
1.8262768
1.8262777
1.8262758
1.8262768
1.8262758
1.8262749
1.8262739
1.8262739
1.8262758
1.8262758
1.8262749
1.8262749
1.8262758
1.8262749
1.8262758
1.8262758
1.8262739
1.8262768
1.8262758
1.8262749
1.8262739
1.8262758
1.8262749
1.8262768
1.8262768
1.8262758
1.8262758
1.8262749
1.8262768
1.8262749
1.8262749
1.8262758
1.8262758
1.8262758
1.8262777
1.8262768
1.8262758
1.8262749
1.8262749
1.8262749
1.8262749
1.8262758
1.8262768
1.8262758
1.8262758
1.8262768
1.8262768
1.8262758
1.8262749
1.8262749
1.8262758
1.8262758
1.8262758
1.8262768
1.8262749
1.8262749
1.8262749
1.8262758
1.8262758
1.8262768
1.8262768
1.8262758
1.8262758
1.8262758
1.8262768
1.8262758
1.8262749
1.8262777
1.8262749
1.8262749
1.8262749
1.8262758
1.826273
1.8262758
1.8262758
1.8262758
1.8262758
1.8262758
1.8262749
1.8262758
1.8262758
1.8262768
1.8262768
1.8262758
1.8262749
1.8262758
1.8262758
1.8262749
1.8262758
1.8262758
1.8262758
1.826273
1.8262739
1.8262749
1.8262768
1.8262749
1.8262758
1.8262768
1.8262749
1.8262739
1.8262749
1.8262749
1.8262758
1.8262739
1.8262749
1.8262758
1.8262749
1.8262758
1.8262768
1.8262758
1.8262739
1.8262758
1.8262758
1.8262768
1.8262758
1.8262749
1.8262749
1.8262749
1.8262758
1.8262749
1.8262749
1.8262768
1.8262749
1.8262749
1.8262739
1.8262758
1.8262758
1.8262749
1.8262749
1.8262758
1.8262749
1.8262749
1.8262749
1.8262758
1.8262758
1.8262758
1.8262758
1.8262749
1.8262749
1.8262749
1.8262768
1.8262768
1.8262758
1.8262758
1.8262758
1.8262758
1.8262749
1.8262758
1.8262758
1.8262758
1.8262768
1.8262758
1.8262758
1.8262749
1.8262739
1.8262758
1.8262749
1.8262749
1.8262749
1.8262758
1.8262768
1.8262777
1.8262768
1.8262749
1.8262749
1.8262758
1.8262768
1.8262749
1.8262749
1.8262749
1.8262758
1.8262758
1.8262758
1.8262758
1.8262777
1.8262777
1.8262758
1.8262749
1.8262758
1.8262768
1.8262749
1.8262777
1.8262768
1.8262749
1.8262758
1.8262749
1.8262749
1.8262749
1.8262739
1.8262758
1.8262749
1.8262749
1.8262758
1.8262758
1.8262758
1.8262749
1.8262749
1.8262758
1.8262768
1.8262758
1.8262768
1.8262768
1.8262758
1.8262749
1.8262739
1.8262758
1.8262749
1.8262739
1.8262758
1.8262749
1.8262749
1.8262758
1.8262758
1.8262739
1.8262749
1.8262749
1.8262749
1.8262758
1.8262758
1.8262768
1.8262758
1.8262768
1.8262758
1.8262739
1.8262749
1.8262749
1.8262739
1.8262749
1.8262749
1.8262758
1.8262758
1.8262739
1.8262749
1.8262768
1.8262758
1.8262749
1.8262749
1.8262758
1.8262749
1.8262749
1.8262749
1.8262768
1.8262758
1.8262739
1.8262739
1.8262739
1.8262749
1.8262749
1.8262749
1.8262777
1.8262749
1.8262758
1.8262758
1.8262749
1.8262758
1.8262758
1.8262768
1.8262749
1.8262739
1.8262749
1.8262749
1.8262758
1.8262758
1.8262739
1.8262739
1.8262749
1.8262739
1.8262749
1.8262749
1.8262739
1.8262749
1.8262758
1.8262739
1.8262749
1.8262768
1.8262749
1.8262749
1.8262768
1.8262749
1.8262777
1.8262768
1.8262768
1.8262749
1.8262758
1.8262758
1.8262739
1.8262758
1.8262768
1.8262768
1.8262768
1.8262758
1.8262758
1.8262758
1.8262758
1.8262758
1.8262749
1.8262758
1.8262768
1.8262749
1.8262768
1.8262758
1.8262758
1.8262758
1.8262758
1.8262758
1.8262749
1.8262758
1.8262739
1.8262758
1.8262749
1.8262749
1.8262739
1.8262758
1.8262739
1.8262739
1.8262749
1.8262749
1.8262758
1.8262758
1.8262758
1.8262749
1.8262758
1.8262739
1.8262758
1.8262768
1.8262749
1.8262739
1.8262749
1.8262739
1.8262739
1.8262739
1.8262739
1.8262758
1.8262758
1.8262768
1.8262758
1.8262758
1.8262749
1.8262739
1.8262758
1.8262749
1.8262768
1.8262739
1.8262758
1.8262739
1.8262739
1.8262749
1.8262749
1.8262749
1.8262758
1.8262768
1.8262777
1.8262758
1.8262749
1.8262749
1.8262749
1.8262758
1.8262749
1.8262758
1.8262758
1.8262758
1.8262768
1.8262749
1.8262758
1.8262758
1.8262749
1.8262758
1.8262749
1.8262758
1.8262768
1.8262749
1.8262758
1.8262768
1.8262768
1.8262758
1.8262749
1.8262749
1.8262749
1.8262749
1.8262758
1.8262758
1.8262758
1.8262768
1.8262758
1.8262749
1.8262749
1.8262749
1.8262749
1.826273
1.8262739
1.8262739
1.8262749
1.8262749
1.8262768
1.8262777
1.8262777
1.8262758
1.8262768
1.8262739
1.8262758
1.8262768
1.8262749
1.8262758
1.8262758
1.8262758
1.8262768
1.8262758
1.8262768
1.8262758
1.8262768
1.8262758
1.8262758
1.8262749
1.8262758
1.8262777
1.8262758
1.8262758
1.8262749
1.8262749
1.8262758
1.8262758
1.8262758
1.8262749
1.8262758
1.8262749
1.8262768
1.8262749
1.8262758
1.8262777
1.8262758
1.8262768
1.8262768
1.8262749
1.8262758
1.8262758
1.8262758
1.8262758
1.8262768
1.8262768
1.8262768
1.8262758
1.8262758
1.8262758
1.8262749
1.8262749
1.8262749
1.8262749
1.8262758
1.8262749
1.8262758
1.8262758
1.8262739
1.8262749
1.8262749
1.8262749
1.8262739
1.8262768
1.826273
1.8262758
1.8262758
1.8262749
1.8262758
1.8262768
1.8262768
1.8262777
1.8262758
1.8262758
1.8262758
1.8262758
1.8262758
1.8262758
1.8262758
1.8262758
1.8262758
1.8262758
1.8262758
1.8262758
1.8262758
1.8262749
1.8262749
1.8262758
1.8262768
1.8262768
1.8262758
1.8262758
1.8262758
1.8262739
1.8262749
1.8262758
1.8262749
1.8262749
1.8262749
1.8262758
1.8262758
1.8262758
1.8262739
1.8262768
1.8262758
1.8262758
1.8262749
1.8262749
1.8262768
1.8262758
1.8262768
1.8262768
1.8262768
1.8262768
1.8262758
1.8262758
1.8262758
1.8262749
1.8262758
1.8262749
1.8262749
1.8262739
1.8262749
1.8262739
1.8262768
1.8262739
1.8262749
1.8262749
1.8262749
1.8262749
1.8262749
1.8262768
1.8262758
1.8262758
1.8262758
1.8262758
1.8262758
1.8262768
1.8262758
1.8262768
1.8262768
1.8262768
1.8262749
1.8262758
1.8262749
1.8262749
1.8262758
1.8262758
1.8262749
1.8262749
1.8262758
1.8262758
1.8262749
1.8262739
1.8262749
1.8262768
1.8262749
1.8262749
1.8262749
1.8262758
1.8262758
1.8262758
1.8262758
1.8262749
1.8262758
1.8262758
1.8262749
1.8262749
1.8262758
1.8262758
1.8262758
1.8262758
1.8262758
1.8262749
1.8262758
1.8262749
1.8262739
1.8262749
1.8262758
1.8262749
1.8262758
1.8262739
1.8262758
1.8262749
1.8262758
1.8262768
1.8262768
1.8262758
1.8262768
1.8262758
1.8262758
1.8262749
1.8262758
1.8262768
1.8262758
1.8262758
1.8262749
1.8262777
1.8262739
1.8262758
1.8262749
1.8262758
1.8262749
1.8262749
1.8262749
1.8262758
1.8262768
1.8262758
1.8262758
1.8262758
1.8262749
1.8262758
1.8262749
1.8262749
1.8262749
1.8262749
1.8262739
1.8262739
1.8262758
1.8262758
1.8262749
1.8262749
1.8262758
1.8262758
1.8262749
1.8262749
1.8262749
1.8262739
1.8262758
1.8262749
1.8262758
1.8262777
1.8262758
1.8262749
1.8262768
1.8262758
1.8262768
1.8262749
1.8262758
1.8262758
1.8262758
1.8262749
1.8262749
1.8262758
1.8262749
1.8262758
1.8262758
1.8262758
1.8262749
1.8262758
1.8262749
1.8262758
1.8262758
1.8262749
1.8262758
1.8262749
1.8262758
1.8262758
1.8262758
1.8262739
1.8262758
1.8262758
1.8262768
1.8262758
1.8262749
1.8262758
1.8262739
1.8262749
1.8262758
1.8262758
1.8262749
1.8262758
1.8262768
1.8262768
1.8262749
1.8262768
1.8262768
1.8262768
1.8262768
1.8262768
1.8262749
1.8262758
1.8262749
1.8262739
1.8262758
1.8262749
1.8262749
1.8262758
1.8262739
1.8262768
1.8262739
1.8262758
1.8262739
1.8262768
1.8262749
1.8262758
1.8262768
1.8262749
1.8262758
1.8262758
1.8262758
1.8262768
1.8262749
1.8262758
1.8262768
1.8262758
1.8262758
1.8262758
1.8262758
1.8262758
1.8262768
1.826273
1.8262749
1.8262758
1.8262758
1.8262758
1.8262758
1.8262749
1.8262739
1.8262749
1.8262739
1.8262749
1.8262758
1.8262758
1.8262758
1.8262758
1.8262758
1.8262739
1.8262739
1.8262749
1.8262749
1.8262739
1.8262758
1.8262758
1.8262758
1.8262758
1.8262758
1.8262758
1.8262749
1.8262758
1.8262739
1.8262758
1.8262777
1.8262758
1.8262777
1.8262758
1.8262758
1.8262768
1.8262739
1.8262758
1.8262758
1.826273
1.8262739
1.8262749
1.8262758
1.8262758
1.8262749
1.8262758
1.8262758
1.8262758
1.8262749
1.8262758
1.8262758
1.8262777
1.8262758
1.8262758
1.8262749
1.8262758
1.8262758
1.8262768
1.8262758
1.8262758
1.8262768
1.8262739
1.8262758
1.8262739
1.8262749
1.8262758
1.8262749
1.8262749
1.8262739
1.8262768
1.8262768
1.8262768
1.8262758
1.8262739
1.8262749
1.8262768
1.8262758
1.8262758
1.8262768
1.8262749
1.8262768
1.8262758
1.8262749
1.8262758
1.8262749
1.8262749
1.8262749
1.8262758
1.8262758
1.8262749
1.8262749
1.8262749
1.8262758
1.8262758
1.8262758
1.8262758
1.8262749
1.8262758
1.8262758
1.8262749
1.8262758
1.8262768
1.8262777
1.8262758
1.8262758
1.8262758
1.8262749
1.8262749
1.8262768
1.8262758
1.8262749
1.8262768
1.8262749
1.8262758
1.8262758
1.8262768
1.8262758
1.8262749
1.8262768
1.8262768
1.8262739
1.8262749
1.8262777
1.8262758
1.8262749
1.8262758
1.8262749
1.8262758
1.8262777
1.8262768
1.8262768
1.8262758
1.8262758
1.8262758
1.8262749
1.8262749
1.8262758
1.8262749
1.8262758
1.8262768
1.8262758
1.8262749
1.8262749
1.8262749
1.8262749
1.8262758
1.8262768
1.8262768
1.8262749
1.8262749
1.8262749
1.8262758
1.8262749
1.8262749
1.8262739
1.8262749
1.8262749
1.8262758
1.8262758
1.8262758
1.8262758
1.8262749
1.8262739
1.8262758
1.8262758
1.8262758
1.8262749
1.8262749
1.8262749
1.8262749
1.8262768
1.8262768
1.8262758
1.8262758
1.8262749
1.8262749
1.8262768
1.8262768
1.8262768
1.8262758
1.8262758
1.8262758
1.8262749
1.8262758
1.8262768
1.8262758
1.8262758
1.8262768
1.8262749
1.8262739
1.8262749
1.8262758
1.8262749
1.8262758
1.8262739
1.8262749
1.8262749
1.8262758
1.8262768
1.8262749
1.8262758
1.826273
1.8262758
1.8262758
1.8262749
1.8262749
1.8262758
1.8262749
1.8262749
1.8262758
1.8262749
1.8262758
1.8262768
1.8262758
1.8262739
1.8262739
1.8262739
1.8262749
1.8262768
1.8262758
1.8262749
1.8262768
1.8262758
1.8262768
1.8262758
1.8262758
1.8262758
1.8262758
1.8262749
1.8262739
1.8262758
1.8262758
1.8262749
1.8262749
1.8262749
1.8262768
1.8262768
1.8262749
1.8262758
1.8262739
1.8262758
1.8262749
1.8262749
1.8262768
1.8262768
1.8262749
1.8262749
1.826273
1.8262768
1.8262777
1.8262768
1.8262758
1.8262749
1.8262749
1.8262749
1.8262749
1.8262739
1.8262749
1.8262749
1.8262739
1.8262739
1.8262749
1.8262768
1.8262768
1.8262768
1.8262758
1.8262739
1.8262739
1.8262739
1.8262758
1.8262749
1.8262758
1.8262749
1.8262749
1.8262749
1.8262758
1.8262749
1.8262758
1.8262758
1.8262739
1.8262758
1.8262749
1.8262739
1.8262758
1.8262758
1.8262768
1.8262758
1.8262768
1.8262749
1.8262749
1.8262768
1.8262739
1.8262739
1.8262749
1.8262749
1.8262758
1.8262758
1.8262777
1.8262768
1.8262758
1.8262749
1.8262749
1.8262768
1.8262739
1.8262749
1.8262749
1.8262758
1.8262758
1.8262758
1.8262749
1.8262758
1.8262768
1.8262749
1.8262758
1.8262739
1.8262739
1.8262749
1.8262758
1.8262749
1.8262749
1.8262739
1.8262749
1.8262768
1.8262749
1.8262777
1.8262777
1.8262758
1.8262768
1.8262777
1.8262768
1.8262749
1.8262758
1.8262758
1.8262768
1.8262768
1.8262768
1.8262768
1.8262758
1.8262739
1.8262749
1.8262749
1.8262768
1.8262749
1.8262758
1.8262768
1.8262749
1.8262749
1.8262739
1.8262749
1.8262768
1.8262758
1.8262758
1.8262749
1.8262749
1.8262768
1.8262768
1.8262768
1.8262768
1.8262768
1.8262758
1.8262758
1.8262749
1.8262749
1.8262758
1.8262758
1.8262749
1.8262749
1.8262749
1.8262749
1.8262749
1.8262758
1.8262758
1.8262777
1.8262777
1.8262758
1.8262749
1.8262768
1.8262758
1.8262758
1.8262749
1.8262758
1.8262749
1.8262749
1.8262758
1.8262749
1.8262768
1.8262758
1.8262768
1.8262768
1.8262758
1.8262758
1.8262758
1.8262768
1.8262758
1.8262749
1.8262768
1.8262758
1.8262758
1.8262758
1.8262758
1.8262749
1.8262739
1.8262768
1.8262768
1.8262768
1.8262777
1.8262758
1.8262768
1.8262758
1.8262749
1.826273
1.8262749
1.8262739
1.8262749
1.8262749
1.8262739
1.8262749
1.8262749
1.8262749
1.8262749
1.8262749
1.8262758
1.8262758
1.8262739
1.8262739
1.8262739
1.8262749
1.8262758
1.8262749
1.8262749
1.8262758
1.8262749
1.8262768
1.8262777
1.8262749
1.8262758
1.8262768
1.8262749
1.8262758
1.8262749
1.8262758
1.8262768
1.8262768
1.8262749
1.8262758
1.8262749
1.8262749
1.8262739
1.8262749
1.8262768
1.8262749
1.8262758
1.8262758
1.8262758
1.8262749
1.8262749
1.8262758
1.8262777
1.8262768
1.8262768
1.8262749
1.8262758
1.8262749
1.8262758
1.8262749
1.8262758
1.8262749
1.8262758
1.8262768
1.8262758
1.8262758
1.8262758
1.8262749
1.8262749
1.8262758
1.8262758
1.8262749
1.8262758
1.8262768
1.8262758
1.8262758
1.8262749
1.8262758
1.8262758
1.8262749
1.8262749
1.8262758
1.8262758
1.8262768
1.8262758
1.8262758
1.8262758
1.8262758
1.8262749
1.8262749
1.8262749
1.8262739
1.8262758
1.8262768
1.8262749
1.8262768
1.8262758
1.8262758
1.8262739
1.8262768
1.8262758
1.8262749
1.8262758
1.8262758
1.8262749
1.8262739
1.8262749
1.8262768
1.8262768
1.8262768
1.8262758
1.8262758
1.8262739
1.8262758
1.8262739
1.8262758
1.8262758
1.8262739
1.8262768
1.8262768
1.8262758
1.8262777
1.8262768
1.8262768
1.8262758
1.8262758
1.8262758
1.8262768
1.8262768
1.8262768
1.8262758
1.8262739
1.826273
1.8262749
1.8262749
1.8262749
1.8262749
1.8262758
1.8262758
1.8262768
1.8262768
1.8262739
1.8262749
1.8262768
1.8262749
1.8262758
1.8262768
1.8262768
1.8262758
1.8262758
1.8262768
1.8262739
1.8262749
1.8262739
1.8262758
1.8262749
1.8262768
1.8262758
1.8262749
1.8262758
1.8262739
1.8262768
1.8262749
1.8262758
1.8262758
1.8262768
1.8262749
1.8262758
1.8262758
1.8262739
1.8262758
1.8262758
1.8262758
1.8262758
1.8262758
1.8262768
1.8262768
1.8262777
1.8262758
1.8262758
1.8262749
1.8262749
1.8262749
1.8262749
1.8262758
1.8262768
1.8262749
1.8262768
1.8262749
1.8262758
1.8262739
1.8262749
1.8262768
1.8262749
1.8262739
1.8262749
1.8262758
1.8262768
1.8262768
1.8262749
1.8262758
1.8262739
1.8262749
1.8262758
1.8262749
1.8262768
1.8262758
1.8262749
1.8262739
1.8262758
1.8262758
1.8262758
1.8262749
1.8262768
1.8262758
1.8262749
1.8262749
1.8262758
1.8262749
1.8262749
1.8262749
1.8262777
1.8262768
1.8262758
1.8262739
1.8262758
1.8262768
1.8262749
1.8262749
1.8262758
1.8262758
1.8262749
1.8262749
1.8262739
1.8262768
1.8262768
1.8262758
1.8262758
1.8262758
1.8262749
1.8262749
1.8262758
1.8262749
1.8262739
1.8262749
1.8262758
1.8262758
1.8262758
1.8262777
1.8262768
1.8262758
1.8262758
1.8262749
1.8262749
1.8262758
1.8262758
1.8262758
1.8262749
1.8262749
1.8262758
1.8262749
1.8262758
1.8262749
1.8262758
1.8262758
1.8262749
1.8262749
1.8262758
1.8262749
1.8262749
1.8262768
1.8262758
1.8262768
1.8262758
1.8262758
1.8262749
1.8262768
1.8262768
1.8262758
1.8262758
1.8262739
1.8262749
1.8262758
1.8262749
1.826273
1.8262749
1.8262749
1.8262749
1.8262758
1.8262739
1.8262749
1.8262749
1.8262749
1.8262768
1.8262768
1.8262768
1.8262758
1.8262749
1.8262749
1.8262758
1.8262749
1.8262768
1.8262749
1.8262758
1.8262758
1.8262758
1.8262749
1.8262758
1.8262768
1.8262768
1.8262768
1.8262749
1.8262768
1.8262758
1.8262758
1.8262739
1.8262739
1.8262739
1.8262749
1.8262749
1.8262758
1.8262758
1.8262749
1.8262749
1.8262749
1.8262749
1.8262749
1.8262768
1.8262749
1.8262749
1.8262758
1.8262768
1.8262749
1.8262739
1.8262749
1.8262758
1.8262739
1.8262758
1.8262749
1.8262758
1.8262758
1.8262758
1.8262749
1.8262758
1.8262758
1.8262758
1.8262768
1.8262768
1.8262758
1.8262758
1.8262758
1.8262758
1.8262758
1.8262749
1.8262758
1.8262768
1.8262758
1.8262758
1.8262749
1.8262749
1.8262749
1.8262749
1.8262758
1.8262749
1.8262749
1.8262739
1.8262739
1.8262758
1.8262749
1.8262758
1.8262758
1.8262758
1.8262749
1.8262758
1.8262758
1.8262749
1.8262758
1.8262749
1.8262749
1.8262749
1.8262749
1.8262758
1.8262777
1.8262758
1.8262768
1.8262739
1.8262768
1.8262749
1.8262758
1.8262758
1.8262768
1.8262749
1.8262739
1.8262739
1.8262749
1.8262749
1.8262758
1.8262749
1.8262739
1.8262739
1.8262749
1.8262758
1.8262749
1.8262749
1.8262758
1.8262777
1.8262768
1.8262758
1.8262749
1.8262758
1.8262758
1.8262758
1.8262749
1.8262749
1.8262758
1.8262758
1.8262749
1.8262758
1.8262758
1.8262758
1.8262749
1.8262749
1.8262749
1.8262758
1.8262758
1.8262768
1.8262758
1.8262758
1.8262768
1.8262749
1.8262777
1.8262749
1.8262758
1.8262758
1.8262768
1.8262749
1.8262768
1.8262749
1.8262749
1.8262758
1.8262758
1.8262758
1.8262777
1.8262768
1.8262758
1.8262768
1.8262758
1.8262768
1.8262749
1.8262749
1.8262758
1.8262749
1.8262758
1.8262749
1.8262739
1.8262758
1.8262749
1.8262739
1.8262749
1.8262758
1.8262768
1.8262749
1.8262749
1.8262749
1.8262758
1.8262768
1.8262749
1.8262768
1.8262758
1.8262758
1.8262768
1.8262768
1.8262758
1.8262758
1.8262777
1.8262758
1.8262758
1.8262768
1.8262758
1.8262749
1.8262749
1.8262749
1.8262749
1.8262758
1.8262749
1.8262749
1.8262739
1.8262749
1.8262749
1.8262768
1.8262749
1.8262749
1.8262749
1.8262749
1.8262758
1.8262749
1.8262758
1.8262768
1.8262758
1.8262749
1.8262758
1.8262758
1.8262739
1.8262758
1.8262739
1.826273
1.8262739
1.8262758
1.8262749
1.8262768
1.8262758
1.8262758
1.8262768
1.8262758
1.8262749
1.8262758
1.8262758
1.8262768
1.8262758
1.8262758
1.8262749
1.8262749
1.8262749
1.8262758
1.8262749
1.8262739
1.8262768
1.8262758
1.8262749
1.8262749
1.8262739
1.8262758
1.8262739
1.8262758
1.8262739
1.8262768
1.8262768
1.8262749
1.8262749
1.8262749
1.8262758
1.8262758
1.8262758
1.8262768
1.8262758
1.8262758
1.8262768
1.8262749
1.8262739
1.8262749
1.8262758
1.8262758
1.8262758
1.8262768
1.8262758
1.8262758
1.8262768
1.8262758
1.8262739
1.826273
1.8262768
1.8262749
1.8262758
1.8262768
1.8262758
1.8262749
1.8262739
1.8262758
1.8262758
1.8262749
1.8262749
1.8262768
1.8262768
1.8262758
1.8262768
1.8262758
1.8262758
1.8262768
1.8262758
1.8262749
1.8262758
1.8262749
1.8262777
1.8262749
1.8262758
1.8262758
1.8262749
1.8262758
1.8262758
1.8262739
1.8262758
1.8262739
1.8262758
1.8262749
1.8262739
1.8262749
1.8262758
1.8262758
1.8262768
1.8262758
1.8262758
1.8262739
1.8262768
1.8262749
1.8262758
1.8262749
1.8262749
1.8262758
1.8262758
1.8262768
1.8262749
1.8262758
1.8262749
1.8262758
1.8262768
1.8262749
1.8262758
1.8262749
1.8262758
1.8262768
1.8262739
1.8262758
1.8262749
1.8262758
1.8262749
1.8262749
1.8262768
1.8262739
1.8262749
1.8262758
1.8262758
1.8262749
1.8262749
1.8262758
1.8262768
1.8262758
1.8262758
1.8262758
1.8262749
1.8262749
1.8262739
1.8262749
1.8262768
1.8262739
1.8262749
1.8262749
1.8262758
1.8262758
1.8262749
1.8262758
1.8262758
1.8262758
1.8262758
1.8262749
1.8262758
1.8262749
1.8262758
1.8262749
1.8262749
1.8262739
1.8262758
1.8262739
1.8262749
1.8262749
1.8262739
1.8262749
1.8262768
1.8262749
1.8262758
1.8262758
1.8262739
1.8262758
1.8262768
1.8262758
1.8262749
1.8262777
1.8262758
1.8262749
1.8262758
1.8262758
1.8262758
1.8262749
1.8262758
1.8262749
1.8262758
1.8262749
1.8262739
1.826273
1.8262758
1.8262758
1.8262758
1.8262739
1.8262758
1.8262739
1.8262739
1.8262739
1.8262739
1.8262749
1.8262758
1.8262758
1.8262739
1.8262749
1.8262758
1.8262777
1.8262768
1.8262749
1.8262768
1.8262739
1.8262739
1.8262739
1.8262768
1.8262758
1.8262758
1.8262739
1.8262749
1.8262749
1.8262758
1.8262749
1.8262777
1.8262768
1.8262768
1.8262758
1.8262749
1.8262749
1.8262768
1.8262749
1.8262749
1.8262768
1.8262768
1.8262768
1.8262749
1.8262758
1.8262768
1.8262777
1.8262777
1.8262749
1.8262758
1.8262749
1.8262768
1.8262749
1.8262749
1.8262758
1.8262749
1.8262758
1.8262768
1.8262749
1.8262749
1.8262749
1.8262749
1.8262768
1.8262768
1.8262758
1.8262749
1.8262758
1.8262749
1.8262749
1.8262749
1.8262768
1.8262768
1.8262758
1.8262758
1.8262758
1.8262758
1.8262768
1.8262768
1.8262749
1.8262739
1.8262758
1.8262749
1.8262758
1.8262758
1.8262768
1.8262768
1.8262749
1.8262768
1.8262758
1.8262768
1.8262749
1.8262768
1.8262777
1.8262768
1.8262758
1.8262768
1.8262758
1.8262758
1.8262758
1.8262768
1.8262768
1.8262768
1.8262739
1.8262768
1.8262768
1.8262768
1.8262749
1.8262749
1.8262739
1.8262758
1.8262749
1.8262768
1.8262758
1.8262768
1.8262768
1.8262768
1.8262758
1.8262768
1.8262749
1.8262758
1.8262758
1.8262749
1.8262749
1.8262749
1.8262758
1.8262758
1.8262768
1.8262749
1.8262768
1.8262768
1.8262758
1.8262758
1.8262749
1.8262758
1.8262768
1.8262758
1.8262777
1.8262739
1.8262758
1.8262758
1.8262758
1.8262749
1.8262758
1.8262758
1.8262758
1.8262749
1.8262758
1.8262768
1.8262749
1.8262758
1.8262758
1.8262749
1.8262768
1.8262768
1.8262739
1.8262749
1.826273
1.8262758
1.8262758
1.8262768
1.8262758
1.8262758
1.8262758
1.8262758
1.8262758
1.8262758
1.8262739
1.8262758
1.8262758
1.8262749
1.8262749
1.8262749
1.8262749
1.8262758
1.8262749
1.8262758
1.8262749
1.8262768
1.8262758
1.8262749
1.8262768
1.8262758
1.8262768
1.8262758
1.8262768
1.8262749
1.8262768
1.8262739
1.8262768
1.8262749
1.8262749
1.8262758
1.8262758
1.8262758
1.8262749
1.8262768
1.8262768
1.8262758
1.8262768
1.8262777
1.8262758
1.8262768
1.8262758
1.8262768
1.8262768
1.8262758
1.8262749
1.8262758
1.8262758
1.8262758
1.8262758
1.8262758
1.8262768
1.8262777
1.8262739
1.8262739
1.8262758
1.8262749
1.8262758
1.8262768
1.8262749
1.8262758
1.8262758
1.8262758
1.8262758
1.8262749
1.8262749
1.8262768
1.8262749
1.8262768
1.8262749
1.8262758
1.8262758
1.8262749
1.8262749
1.8262739
1.8262739
1.8262758
1.8262739
1.8262749
1.8262758
1.8262749
1.8262749
1.8262749
1.8262758
1.8262758
1.8262787
1.8262777
1.8262749
1.8262749
1.8262749
1.8262768
1.8262758
1.8262768
1.8262749
1.8262758
1.8262758
1.8262768
1.8262758
1.8262758
1.8262758
1.8262758
1.8262758
1.8262749
1.8262739
1.8262758
1.8262768
1.8262758
1.8262758
1.8262777
1.8262758
1.8262777
1.8262758
1.8262749
1.8262749
1.8262739
1.8262758
1.8262768
1.8262768
1.8262758
1.8262749
1.8262758
1.8262749
1.8262749
1.8262768
1.8262749
1.8262749
1.8262758
1.8262768
1.8262758
1.8262758
1.8262758
1.8262758
1.8262768
1.8262758
1.8262758
1.8262758
1.8262768
1.8262758
1.8262739
1.8262768
1.8262777
1.8262768
1.8262758
1.8262777
1.8262749
1.8262758
1.82